10x10x50

thermalization time: 74ms
2 	0.1 	-0.981132 	0.000930744 	0.1048 	0.0010198 	40ms 	115ms
2 	0.2 	-0.985919 	0.00187818 	0.1188 	0.00194251 	41ms 	156ms
2 	0.3 	-1.01236 	0.00272429 	0.084 	0.00264575 	42ms 	199ms
2 	0.4 	-1.03527 	0.00300413 	0.0676 	0.00545527 	40ms 	240ms
2 	0.5 	-1.07497 	0.00370273 	0.1296 	0.00747172 	41ms 	281ms
2 	0.6 	-1.12539 	0.00409079 	0.1368 	0.00807713 	40ms 	322ms
2 	0.7 	-1.14957 	0.0045557 	0.0608 	0.0102781 	39ms 	361ms
2 	0.8 	-1.21908 	0.00564024 	0.0772 	0.00939007 	39ms 	401ms
2 	0.9 	-1.26672 	0.0049385 	0.0532 	0.00722772 	39ms 	440ms
2 	1 	-1.33034 	0.00562384 	0.0788 	0.0125209 	40ms 	481ms
2 	1.1 	-1.4187 	0.00473385 	0.1296 	0.0125496 	37ms 	518ms
2 	1.2 	-1.48781 	0.00494957 	0.0776 	0.0111845 	39ms 	558ms
2 	1.3 	-1.55386 	0.00739718 	0.1512 	0.015246 	45ms 	603ms
2 	1.4 	-1.63337 	0.00742987 	0.0996 	0.0157425 	40ms 	644ms
2 	1.5 	-1.73886 	0.00589572 	0.1204 	0.0204163 	37ms 	682ms
2 	1.6 	-1.82672 	0.00819302 	0.082 	0.010924 	40ms 	722ms
2 	1.7 	-1.89497 	0.0133828 	0.0912 	0.0124274 	47ms 	770ms
2 	1.8 	-2.01583 	0.00951397 	0.0852 	0.0128338 	63ms 	833ms
2 	1.9 	-2.08477 	0.0115679 	0.0932 	0.0129321 	93ms 	926ms
2 	2 	-2.19545 	0.00991398 	0.088 	0.0118884 	154ms 	1081ms
2 	2.1 	-2.30745 	0.00953803 	0.0796 	0.0127604 	178ms 	1259ms
2 	2.2 	-2.37058 	0.0118851 	0.0584 	0.00863481 	236ms 	1496ms
2 	2.3 	-2.47931 	0.0105915 	0.0816 	0.0152171 	286ms 	1782ms
2 	2.4 	-2.58088 	0.0109523 	0.0828 	0.0151385 	405ms 	2188ms
2 	2.5 	-2.6336 	0.0104682 	0.074 	0.0125433 	438ms 	2626ms
2 	2.6 	-2.78887 	0.00722176 	0.0868 	0.0116436 	551ms 	3178ms
2 	2.7 	-2.87836 	0.0104749 	0.0608 	0.0106132 	637ms 	3816ms
2 	2.8 	-2.96319 	0.0135543 	0.066 	0.00960902 	870ms 	4686ms
2 	2.9 	-3.02134 	0.00926444 	0.0612 	0.00911629 	872ms 	5559ms
2 	3 	-3.13299 	0.015284 	0.0736 	0.010114 	968ms 	6527ms
2 	3.1 	-3.22423 	0.00956503 	0.0644 	0.0106627 	1134ms 	7661ms
2 	3.2 	-3.32151 	0.0133654 	0.0808 	0.0102619 	1203ms 	8865ms
2 	3.3 	-3.44402 	0.0116816 	0.0728 	0.00722311 	1409ms 	10275ms
2 	3.4 	-3.53116 	0.0116264 	0.058 	0.00948683 	1515ms 	11790ms
2 	3.5 	-3.61514 	0.0131573 	0.07 	0.00842615 	1635ms 	13426ms
2 	3.6 	-3.71811 	0.0151311 	0.0748 	0.0111074 	1827ms 	15254ms
2 	3.7 	-3.84196 	0.0143106 	0.0508 	0.00897998 	2077ms 	17332ms
2 	3.8 	-3.89849 	0.0148754 	0.062 	0.00824621 	2101ms 	19433ms
2 	3.9 	-4.01304 	0.0138342 	0.062 	0.0106145 	2226ms 	21660ms
2 	4 	-4.11648 	0.0108959 	0.0664 	0.00897924 	2454ms 	24114ms
2 	4.1 	-4.21336 	0.0150724 	0.0464 	0.006052 	2709ms 	26824ms
2 	4.2 	-4.26421 	0.0127568 	0.06 	0.0102956 	2675ms 	29499ms
2 	4.3 	-4.39074 	0.0133892 	0.062 	0.00972968 	2868ms 	32367ms
2 	4.4 	-4.50683 	0.013646 	0.0592 	0.00734665 	3086ms 	35454ms
2 	4.5 	-4.61071 	0.0137102 	0.0628 	0.00775715 	3163ms 	38618ms
2 	4.6 	-4.70724 	0.0121701 	0.0496 	0.0085143 	3365ms 	41983ms
2 	4.7 	-4.77932 	0.0110599 	0.0768 	0.0128805 	3570ms 	45553ms
2 	4.8 	-4.88866 	0.0160588 	0.0708 	0.0138675 	3741ms 	49295ms
2 	4.9 	-4.97555 	0.01027 	0.0896 	0.0113649 	3764ms 	53059ms
2 	5 	-5.07938 	0.0147818 	0.0792 	0.0131773 	4009ms 	57069ms

thermalization time: 2271ms
3 	0.1 	-0.960384 	0.00141153 	0.1728 	0.00334265 	42ms 	59382ms
3 	0.2 	-0.979503 	0.00156333 	0.15 	0.00191485 	44ms 	59427ms
3 	0.3 	-1.02052 	0.00113635 	0.1272 	0.00234663 	43ms 	59470ms
3 	0.4 	-1.04529 	0.00256814 	0.13 	0.00282843 	43ms 	59514ms
3 	0.5 	-1.08946 	0.00300196 	0.0968 	0.00508986 	45ms 	59559ms
3 	0.6 	-1.13007 	0.00215842 	0.0572 	0.00686828 	46ms 	59606ms
3 	0.7 	-1.18628 	0.00304698 	0.0328 	0.00393785 	43ms 	59650ms
3 	0.8 	-1.23254 	0.00466568 	0.0444 	0.00635295 	45ms 	59695ms
3 	0.9 	-1.29715 	0.00494687 	0.0332 	0.00552932 	43ms 	59739ms
3 	1 	-1.35953 	0.00515062 	0.2388 	0.0107443 	42ms 	59782ms
3 	1.1 	-1.42168 	0.00542461 	0.1876 	0.0112143 	47ms 	59829ms
3 	1.2 	-1.51355 	0.00526442 	0.1596 	0.0199121 	41ms 	59871ms
3 	1.3 	-1.57299 	0.00424954 	0.084 	0.0106771 	46ms 	59917ms
3 	1.4 	-1.65516 	0.00549314 	0.0988 	0.0128623 	45ms 	59962ms
3 	1.5 	-1.7647 	0.00553675 	0.098 	0.0125963 	41ms 	60003ms
3 	1.6 	-1.83558 	0.00747077 	0.1016 	0.0171628 	41ms 	60045ms
3 	1.7 	-1.90988 	0.00802843 	0.0912 	0.0146096 	51ms 	60096ms
3 	1.8 	-2.01558 	0.00579696 	0.08 	0.00962635 	61ms 	60158ms
3 	1.9 	-2.0848 	0.00822116 	0.0808 	0.0108308 	92ms 	60250ms
3 	2 	-2.21013 	0.00618332 	0.0916 	0.0109952 	129ms 	60380ms
3 	2.1 	-2.28373 	0.00744509 	0.0752 	0.0102652 	181ms 	60561ms
3 	2.2 	-2.39159 	0.00669344 	0.076 	0.0136015 	263ms 	60824ms
3 	2.3 	-2.47265 	0.00927252 	0.0684 	0.00825994 	325ms 	61150ms
3 	2.4 	-2.55972 	0.00697425 	0.0832 	0.00941134 	521ms 	61671ms
3 	2.5 	-2.6587 	0.00509042 	0.0768 	0.0112653 	615ms 	62290ms
3 	2.6 	-2.74552 	0.00938703 	0.0684 	0.00980952 	763ms 	63053ms
3 	2.7 	-2.85316 	0.00865191 	0.0652 	0.00957636 	903ms 	63957ms
3 	2.8 	-2.9671 	0.00738768 	0.0676 	0.00773046 	1142ms 	65099ms
3 	2.9 	-3.04332 	0.00832015 	0.0688 	0.00970086 	1231ms 	66331ms
3 	3 	-3.12415 	0.00872003 	0.0924 	0.0152783 	1443ms 	67775ms
3 	3.1 	-3.25805 	0.00905761 	0.076 	0.0103118 	1706ms 	69481ms
3 	3.2 	-3.34643 	0.00921611 	0.0532 	0.0090318 	1885ms 	71366ms
3 	3.3 	-3.43151 	0.0108519 	0.0812 	0.0111851 	2101ms 	73468ms
3 	3.4 	-3.5491 	0.0134299 	0.0876 	0.0144254 	2289ms 	75758ms
3 	3.5 	-3.61304 	0.00804035 	0.0668 	0.00855804 	2461ms 	78219ms
3 	3.6 	-3.69176 	0.00810851 	0.062 	0.0074162 	2792ms 	81011ms
3 	3.7 	-3.80275 	0.00987216 	0.068 	0.00983192 	2864ms 	83876ms
3 	3.8 	-3.92682 	0.0127007 	0.082 	0.0106301 	3141ms 	87018ms
3 	3.9 	-4.04595 	0.0058612 	0.064 	0.0119024 	3378ms 	90397ms
3 	4 	-4.09684 	0.0115907 	0.0552 	0.00846798 	3643ms 	94041ms
3 	4.1 	-4.22666 	0.00699655 	0.0504 	0.0074045 	4285ms 	98331ms
3 	4.2 	-4.29348 	0.00987478 	0.076 	0.0105357 	4843ms 	103174ms
3 	4.3 	-4.38572 	0.00916614 	0.0644 	0.00950579 	4441ms 	107619ms
3 	4.4 	-4.50861 	0.0128158 	0.0528 	0.00958332 	4845ms 	112465ms
3 	4.5 	-4.61264 	0.00996568 	0.0652 	0.0104103 	4879ms 	117344ms
3 	4.6 	-4.68743 	0.0113131 	0.0516 	0.0100113 	5079ms 	122424ms
3 	4.7 	-4.8289 	0.00959983 	0.0672 	0.0109014 	5675ms 	128099ms
3 	4.8 	-4.88245 	0.00797465 	0.0596 	0.0100246 	5581ms 	133681ms
3 	4.9 	-5.01632 	0.0108287 	0.048 	0.00824621 	5871ms 	139553ms
3 	5 	-5.08087 	0.00936876 	0.0744 	0.0124242 	5999ms 	145553ms

thermalization time: 3361ms
4.5 	0.1 	-1.02442 	0.00410959 	0.074 	0.00378594 	57ms 	148972ms
4.5 	0.2 	-1.01488 	0.00123102 	0.0792 	0.00237487 	46ms 	149018ms
4.5 	0.3 	-1.02176 	0.00123447 	0.0308 	0.00596992 	43ms 	149062ms
4.5 	0.4 	-1.05791 	0.00179918 	0.0252 	0.00238886 	46ms 	149109ms
4.5 	0.5 	-1.0959 	0.00162249 	0.0348 	0.00510294 	47ms 	149156ms
4.5 	0.6 	-1.1347 	0.00195592 	0.0348 	0.00465904 	49ms 	149206ms
4.5 	0.7 	-1.18375 	0.00288901 	0.0504 	0.00724523 	46ms 	149252ms
4.5 	0.8 	-1.24097 	0.00369079 	0.04 	0.00509902 	47ms 	149299ms
4.5 	0.9 	-1.31187 	0.00478674 	0.056 	0.00864099 	48ms 	149348ms
4.5 	1 	-1.38055 	0.00439328 	0.0476 	0.00835225 	47ms 	149395ms
4.5 	1.1 	-1.4493 	0.00344166 	0.1244 	0.0135534 	53ms 	149448ms
4.5 	1.2 	-1.5284 	0.00450101 	0.128 	0.0142595 	44ms 	149493ms
4.5 	1.3 	-1.60462 	0.00476131 	0.086 	0.0150444 	43ms 	149536ms
4.5 	1.4 	-1.68915 	0.0036241 	0.0688 	0.00679019 	47ms 	149584ms
4.5 	1.5 	-1.77327 	0.00466296 	0.0688 	0.0106665 	46ms 	149630ms
4.5 	1.6 	-1.85131 	0.00685714 	0.0944 	0.0123434 	43ms 	149673ms
4.5 	1.7 	-1.94989 	0.00441104 	0.088 	0.0147874 	53ms 	149726ms
4.5 	1.8 	-2.02691 	0.00578603 	0.0748 	0.0102814 	64ms 	149791ms
4.5 	1.9 	-2.12284 	0.00556494 	0.0968 	0.0115574 	88ms 	149880ms
4.5 	2 	-2.2078 	0.00593421 	0.0648 	0.00826882 	150ms 	150031ms
4.5 	2.1 	-2.3022 	0.00673496 	0.0744 	0.00850647 	228ms 	150259ms
4.5 	2.2 	-2.39151 	0.00683615 	0.064 	0.0108012 	344ms 	150603ms
4.5 	2.3 	-2.50161 	0.00537758 	0.0716 	0.00974132 	545ms 	151149ms
4.5 	2.4 	-2.59385 	0.00646856 	0.0764 	0.0151534 	708ms 	151857ms
4.5 	2.5 	-2.69221 	0.00484427 	0.0748 	0.0110923 	890ms 	152751ms
4.5 	2.6 	-2.75082 	0.00718605 	0.0704 	0.0112469 	1060ms 	153811ms
4.5 	2.7 	-2.84153 	0.00666601 	0.0808 	0.0133282 	1314ms 	155125ms
4.5 	2.8 	-2.93942 	0.00641073 	0.0724 	0.012467 	1538ms 	156664ms
4.5 	2.9 	-3.06844 	0.00580195 	0.0704 	0.0131717 	1837ms 	158502ms
4.5 	3 	-3.15983 	0.00533403 	0.0764 	0.0117881 	3556ms 	162058ms
4.5 	3.1 	-3.25367 	0.00512938 	0.0604 	0.010916 	2605ms 	164664ms
4.5 	3.2 	-3.34558 	0.00644818 	0.0732 	0.00769675 	2918ms 	167583ms
4.5 	3.3 	-3.47264 	0.00617201 	0.074 	0.00725718 	3055ms 	170638ms
4.5 	3.4 	-3.54907 	0.00501513 	0.0548 	0.00940071 	3213ms 	173852ms
4.5 	3.5 	-3.65788 	0.00678855 	0.074 	0.00903696 	3617ms 	177469ms
4.5 	3.6 	-3.75561 	0.0075015 	0.0764 	0.0100313 	4023ms 	181492ms
4.5 	3.7 	-3.83773 	0.00788448 	0.0664 	0.00865794 	4377ms 	185874ms
4.5 	3.8 	-3.95232 	0.0092587 	0.0548 	0.0106163 	4509ms 	190384ms
4.5 	3.9 	-4.03823 	0.00555997 	0.07 	0.0106458 	4976ms 	195360ms
4.5 	4 	-4.12771 	0.0061358 	0.064 	0.0111654 	5425ms 	200786ms
4.5 	4.1 	-4.25005 	0.00607843 	0.0592 	0.00840476 	5589ms 	206376ms
4.5 	4.2 	-4.33682 	0.00691945 	0.0652 	0.00832907 	6023ms 	212399ms
4.5 	4.3 	-4.4388 	0.00478621 	0.0536 	0.00808043 	6317ms 	218720ms
4.5 	4.4 	-4.52827 	0.00647628 	0.0612 	0.0100053 	6937ms 	225657ms
4.5 	4.5 	-4.64692 	0.00878204 	0.0784 	0.012311 	7057ms 	232715ms
4.5 	4.6 	-4.75478 	0.00568947 	0.0676 	0.0117938 	7523ms 	240239ms
4.5 	4.7 	-4.83831 	0.00723904 	0.0868 	0.0106258 	7617ms 	247857ms
4.5 	4.8 	-4.92755 	0.00726607 	0.0592 	0.00822435 	8386ms 	256243ms
4.5 	4.9 	-5.02539 	0.0064147 	0.0556 	0.00828814 	8695ms 	264939ms
4.5 	5 	-5.12363 	0.00719097 	0.0592 	0.0104709 	9178ms 	274117ms

thermalization time: 5112ms
6.75 	0.1 	-1.01048 	0.00198523 	0.1416 	0.00235797 	58ms 	279291ms
6.75 	0.2 	-1.0265 	0.00214957 	0.0788 	0.00440908 	53ms 	279345ms
6.75 	0.3 	-1.048 	0.00156313 	0.1 	0.00591608 	51ms 	279396ms
6.75 	0.4 	-1.07943 	0.00134626 	0.0224 	0.00370945 	47ms 	279444ms
6.75 	0.5 	-1.1044 	0.00185378 	0.0216 	0.00419047 	48ms 	279493ms
6.75 	0.6 	-1.14947 	0.00191987 	0.0356 	0.00510163 	48ms 	279541ms
6.75 	0.7 	-1.20385 	0.00208845 	0.0436 	0.00650333 	48ms 	279590ms
6.75 	0.8 	-1.26478 	0.00269123 	0.0352 	0.00493694 	48ms 	279638ms
6.75 	0.9 	-1.32721 	0.00286106 	0.1576 	0.00949175 	48ms 	279687ms
6.75 	1 	-1.40517 	0.0035841 	0.0788 	0.0111253 	47ms 	279734ms
6.75 	1.1 	-1.47099 	0.00330824 	0.1024 	0.0128359 	49ms 	279784ms
6.75 	1.2 	-1.54367 	0.00360222 	0.052 	0.00583095 	45ms 	279830ms
6.75 	1.3 	-1.62204 	0.00266251 	0.1244 	0.0153088 	47ms 	279877ms
6.75 	1.4 	-1.71677 	0.00421583 	0.0688 	0.0100053 	44ms 	279922ms
6.75 	1.5 	-1.79282 	0.00408992 	0.0876 	0.0123056 	46ms 	279969ms
6.75 	1.6 	-1.88332 	0.00395915 	0.1068 	0.0140442 	45ms 	280015ms
6.75 	1.7 	-1.97272 	0.00316702 	0.0768 	0.00795236 	50ms 	280065ms
6.75 	1.8 	-2.06141 	0.00369048 	0.0864 	0.0109526 	64ms 	280130ms
6.75 	1.9 	-2.15702 	0.00444749 	0.084 	0.0132665 	97ms 	280228ms
6.75 	2 	-2.25001 	0.00518988 	0.0668 	0.0106727 	167ms 	280396ms
6.75 	2.1 	-2.33362 	0.00517221 	0.0628 	0.00977275 	268ms 	280664ms
6.75 	2.2 	-2.43159 	0.00450835 	0.0904 	0.0105906 	479ms 	281143ms
6.75 	2.3 	-2.52077 	0.00414047 	0.0648 	0.00900222 	718ms 	281861ms
6.75 	2.4 	-2.62053 	0.00417921 	0.0828 	0.0111433 	969ms 	282831ms
6.75 	2.5 	-2.70702 	0.00544511 	0.0944 	0.0118755 	1241ms 	284072ms
6.75 	2.6 	-2.83202 	0.00475356 	0.0784 	0.01098 	1601ms 	285674ms
6.75 	2.7 	-2.90341 	0.00504204 	0.0824 	0.0115077 	1858ms 	287533ms
6.75 	2.8 	-3.00161 	0.00401204 	0.058 	0.0100995 	2235ms 	289768ms
6.75 	2.9 	-3.10676 	0.00526048 	0.0588 	0.00909799 	2568ms 	292337ms
6.75 	3 	-3.20327 	0.00359062 	0.0708 	0.0116465 	2887ms 	295224ms
6.75 	3.1 	-3.29776 	0.00521427 	0.06 	0.00840635 	3318ms 	298543ms
6.75 	3.2 	-3.40261 	0.00343911 	0.0536 	0.00826398 	3754ms 	302297ms
6.75 	3.3 	-3.49066 	0.00366157 	0.0864 	0.0124215 	4123ms 	306423ms
6.75 	3.4 	-3.60014 	0.00521337 	0.0608 	0.0103105 	4562ms 	310986ms
6.75 	3.5 	-3.69183 	0.00408299 	0.0652 	0.0123169 	5206ms 	316192ms
6.75 	3.6 	-3.79545 	0.00383222 	0.07 	0.00916515 	5569ms 	321762ms
6.75 	3.7 	-3.88468 	0.00428209 	0.0828 	0.00992505 	5889ms 	327652ms
6.75 	3.8 	-3.99437 	0.00426563 	0.0704 	0.00954777 	6444ms 	334097ms
6.75 	3.9 	-4.0847 	0.0044773 	0.0608 	0.0110442 	6942ms 	341042ms
6.75 	4 	-4.19503 	0.00389149 	0.0648 	0.0101015 	7386ms 	348428ms
6.75 	4.1 	-4.28807 	0.00358906 	0.0744 	0.0108487 	8012ms 	356441ms
6.75 	4.2 	-4.39399 	0.00332331 	0.0672 	0.00924698 	8520ms 	364961ms
6.75 	4.3 	-4.49009 	0.00402315 	0.0752 	0.00804405 	8903ms 	373868ms
6.75 	4.4 	-4.58476 	0.0036882 	0.0532 	0.00992841 	9320ms 	383189ms
6.75 	4.5 	-4.68939 	0.00372726 	0.0592 	0.00820406 	9902ms 	393091ms
6.75 	4.6 	-4.79215 	0.00351535 	0.0692 	0.0107691 	10639ms 	403734ms
6.75 	4.7 	-4.89877 	0.00368034 	0.0656 	0.00923905 	10902ms 	414636ms
6.75 	4.8 	-4.99177 	0.00341837 	0.072 	0.0119583 	11747ms 	426384ms
6.75 	4.9 	-5.08388 	0.0032558 	0.0728 	0.0103525 	12065ms 	438449ms
6.75 	5 	-5.18384 	0.00327832 	0.0668 	0.0119125 	12811ms 	451261ms

thermalization time: 7356ms
10.125 	0.1 	-1.01617 	0.00181519 	0.0384 	0.00615576 	47ms 	458665ms
10.125 	0.2 	-1.04039 	0.00114717 	0.0448 	0.00746369 	52ms 	458717ms
10.125 	0.3 	-1.06562 	0.00136842 	0.104 	0.00391578 	50ms 	458768ms
10.125 	0.4 	-1.09529 	0.00135072 	0.0776 	0.00949175 	56ms 	458827ms
10.125 	0.5 	-1.12869 	0.00138329 	0.0344 	0.00476375 	46ms 	458874ms
10.125 	0.6 	-1.1664 	0.00147204 	0.0344 	0.00529402 	49ms 	458923ms
10.125 	0.7 	-1.21553 	0.00226737 	0.0232 	0.0036842 	49ms 	458972ms
10.125 	0.8 	-1.28653 	0.0015809 	0.0756 	0.00800167 	48ms 	459021ms
10.125 	0.9 	-1.35222 	0.00221981 	0.0572 	0.00878484 	50ms 	459071ms
10.125 	1 	-1.41527 	0.00229647 	0.0788 	0.0112149 	50ms 	459121ms
10.125 	1.1 	-1.50252 	0.00239343 	0.1036 	0.0118727 	49ms 	459171ms
10.125 	1.2 	-1.57695 	0.00314876 	0.098 	0.0135154 	47ms 	459218ms
10.125 	1.3 	-1.66768 	0.00256227 	0.0632 	0.0098102 	53ms 	459271ms
10.125 	1.4 	-1.74841 	0.00207242 	0.0848 	0.0138338 	46ms 	459318ms
10.125 	1.5 	-1.83653 	0.00235393 	0.0784 	0.00967264 	46ms 	459364ms
10.125 	1.6 	-1.92335 	0.00403286 	0.0684 	0.0126844 	49ms 	459413ms
10.125 	1.7 	-2.01368 	0.00264615 	0.112 	0.0142361 	55ms 	459469ms
10.125 	1.8 	-2.11206 	0.00265483 	0.0772 	0.0104805 	67ms 	459537ms
10.125 	1.9 	-2.20939 	0.00432216 	0.0888 	0.0108523 	80ms 	459617ms
10.125 	2 	-2.30349 	0.00251889 	0.0728 	0.0114967 	159ms 	459777ms
10.125 	2.1 	-2.38879 	0.0040147 	0.0664 	0.0113854 	301ms 	460078ms
10.125 	2.2 	-2.48616 	0.00369698 	0.0656 	0.00986712 	440ms 	460518ms
10.125 	2.3 	-2.60014 	0.00274472 	0.0672 	0.0107938 	828ms 	461347ms
10.125 	2.4 	-2.68334 	0.00298107 	0.0684 	0.0131742 	1022ms 	462370ms
10.125 	2.5 	-2.78921 	0.00333053 	0.0716 	0.00823974 	1435ms 	463806ms
10.125 	2.6 	-2.88298 	0.0025015 	0.0768 	0.00910531 	2096ms 	465902ms
10.125 	2.7 	-2.97977 	0.0033713 	0.0656 	0.00913017 	2301ms 	468203ms
10.125 	2.8 	-3.07842 	0.0031485 	0.0744 	0.00974816 	2651ms 	470855ms
10.125 	2.9 	-3.17494 	0.00272255 	0.0732 	0.00809774 	3185ms 	474041ms
10.125 	3 	-3.27517 	0.0032032 	0.0704 	0.00995791 	3724ms 	477766ms
10.125 	3.1 	-3.37818 	0.00362221 	0.0808 	0.0105186 	4156ms 	481922ms
10.125 	3.2 	-3.48165 	0.00298454 	0.0704 	0.0089159 	4965ms 	486891ms
10.125 	3.3 	-3.58273 	0.00311693 	0.0772 	0.0101574 	5144ms 	492036ms
10.125 	3.4 	-3.67555 	0.00325268 	0.0752 	0.0107722 	5752ms 	497788ms
10.125 	3.5 	-3.77778 	0.00300678 	0.0712 	0.0105723 	6286ms 	504075ms
10.125 	3.6 	-3.87936 	0.00296319 	0.0688 	0.00766638 	6880ms 	510955ms
10.125 	3.7 	-3.97934 	0.00225733 	0.064 	0.00984886 	7441ms 	518396ms
10.125 	3.8 	-4.07621 	0.00272302 	0.0632 	0.00921448 	8135ms 	526532ms
10.125 	3.9 	-4.18315 	0.0023311 	0.0712 	0.00987117 	8212ms 	534745ms
10.125 	4 	-4.27769 	0.0025224 	0.0716 	0.00859612 	9254ms 	543999ms
10.125 	4.1 	-4.37826 	0.00226625 	0.0672 	0.0100419 	9665ms 	553665ms
10.125 	4.2 	-4.48105 	0.00255901 	0.0784 	0.0108117 	10122ms 	563788ms
10.125 	4.3 	-4.58102 	0.00254135 	0.0832 	0.00949947 	10684ms 	574472ms
10.125 	4.4 	-4.68518 	0.00277837 	0.0596 	0.00926427 	11634ms 	586109ms
10.125 	4.5 	-4.7777 	0.00292957 	0.0784 	0.00886341 	11935ms 	598044ms
10.125 	4.6 	-4.88707 	0.00208484 	0.08 	0.011804 	12709ms 	610754ms
10.125 	4.7 	-4.98353 	0.00190769 	0.0704 	0.0100246 	13091ms 	623846ms
10.125 	4.8 	-5.08682 	0.00255602 	0.0596 	0.00796827 	13717ms 	637563ms
10.125 	4.9 	-5.18848 	0.00248248 	0.088 	0.0121244 	14326ms 	651889ms
10.125 	5 	-5.28704 	0.00263186 	0.0772 	0.0106696 	14793ms 	666683ms

thermalization time: 8394ms
15.1875 	0.1 	-1.03341 	0.00109879 	0.0348 	0.00658584 	53ms 	675134ms
15.1875 	0.2 	-1.04431 	0.000833904 	0.016 	0.00294392 	51ms 	675186ms
15.1875 	0.3 	-1.07262 	0.000913942 	0.0456 	0.00744043 	49ms 	675235ms
15.1875 	0.4 	-1.09998 	0.00134158 	0.0988 	0.00575384 	51ms 	675287ms
15.1875 	0.5 	-1.14927 	0.00114478 	0.0664 	0.00803907 	48ms 	675336ms
15.1875 	0.6 	-1.19709 	0.0017785 	0.0572 	0.0078 	49ms 	675385ms
15.1875 	0.7 	-1.25781 	0.00160125 	0.0892 	0.0112534 	49ms 	675435ms
15.1875 	0.8 	-1.31549 	0.00127833 	0.0636 	0.00834426 	48ms 	675483ms
15.1875 	0.9 	-1.39231 	0.00182603 	0.0684 	0.00906789 	53ms 	675536ms
15.1875 	1 	-1.47046 	0.00177682 	0.0732 	0.00910531 	48ms 	675585ms
15.1875 	1.1 	-1.55578 	0.00197065 	0.1072 	0.0134353 	50ms 	675636ms
15.1875 	1.2 	-1.63648 	0.00150816 	0.1584 	0.0126053 	54ms 	675690ms
15.1875 	1.3 	-1.73177 	0.00183982 	0.092 	0.0128841 	51ms 	675741ms
15.1875 	1.4 	-1.82125 	0.00190768 	0.0828 	0.0118254 	51ms 	675793ms
15.1875 	1.5 	-1.91442 	0.00217741 	0.0932 	0.0114123 	49ms 	675843ms
15.1875 	1.6 	-2.01473 	0.00317475 	0.0868 	0.0129063 	48ms 	675891ms
15.1875 	1.7 	-2.11309 	0.00149254 	0.064 	0.0112546 	48ms 	675940ms
15.1875 	1.8 	-2.21121 	0.00191088 	0.076 	0.0136137 	59ms 	675999ms
15.1875 	1.9 	-2.30124 	0.001334 	0.1064 	0.0106908 	83ms 	676083ms
15.1875 	2 	-2.40139 	0.00268688 	0.0988 	0.0113331 	119ms 	676203ms
15.1875 	2.1 	-2.50012 	0.00183013 	0.0876 	0.0132323 	228ms 	676431ms
15.1875 	2.2 	-2.60137 	0.00229439 	0.08 	0.0132413 	375ms 	676806ms
15.1875 	2.3 	-2.70377 	0.0023657 	0.0692 	0.0102619 	588ms 	677395ms
15.1875 	2.4 	-2.81536 	0.00201529 	0.074 	0.0123153 	944ms 	678339ms
15.1875 	2.5 	-2.90658 	0.00192501 	0.0872 	0.015028 	1267ms 	679606ms
15.1875 	2.6 	-3.00922 	0.00235341 	0.082 	0.0107393 	1702ms 	681309ms
15.1875 	2.7 	-3.10785 	0.00175646 	0.0572 	0.00865101 	2113ms 	683422ms
15.1875 	2.8 	-3.21 	0.00177922 	0.0688 	0.00794397 	2620ms 	686043ms
15.1875 	2.9 	-3.30715 	0.00159812 	0.084 	0.0124766 	2980ms 	689024ms
15.1875 	3 	-3.41281 	0.0022876 	0.0884 	0.0129574 	3525ms 	692549ms
15.1875 	3.1 	-3.51586 	0.00186635 	0.0644 	0.00894576 	3962ms 	696515ms
15.1875 	3.2 	-3.61562 	0.00168685 	0.0788 	0.0133081 	4455ms 	700971ms
15.1875 	3.3 	-3.71719 	0.0016789 	0.1 	0.0137235 	4824ms 	705795ms
15.1875 	3.4 	-3.81865 	0.00179227 	0.0908 	0.0110291 	5667ms 	711463ms
15.1875 	3.5 	-3.91888 	0.002247 	0.0716 	0.00979251 	5961ms 	717424ms
15.1875 	3.6 	-4.01839 	0.00197183 	0.0684 	0.0109191 	6411ms 	723835ms
15.1875 	3.7 	-4.1244 	0.00197499 	0.0976 	0.0124 	6855ms 	730691ms
15.1875 	3.8 	-4.22541 	0.00191557 	0.078 	0.0111654 	7165ms 	737857ms
15.1875 	3.9 	-4.32397 	0.00162547 	0.0692 	0.00969398 	7664ms 	745521ms
15.1875 	4 	-4.42429 	0.00173982 	0.066 	0.00787401 	8337ms 	753858ms
15.1875 	4.1 	-4.52287 	0.00204881 	0.0868 	0.0118844 	8829ms 	762690ms
15.1875 	4.2 	-4.63063 	0.00191142 	0.0768 	0.0072737 	9019ms 	771709ms
15.1875 	4.3 	-4.7264 	0.00220545 	0.082 	0.0111505 	9312ms 	781022ms
15.1875 	4.4 	-4.82978 	0.00176627 	0.0988 	0.0119209 	9792ms 	790814ms
15.1875 	4.5 	-4.92669 	0.00198558 	0.0836 	0.0162366 	10436ms 	801251ms
15.1875 	4.6 	-5.02993 	0.00158981 	0.0596 	0.00766985 	10604ms 	811855ms
15.1875 	4.7 	-5.13318 	0.00189197 	0.06 	0.010328 	10925ms 	822784ms
15.1875 	4.8 	-5.23144 	0.00179662 	0.0928 	0.0140537 	11210ms 	833994ms
15.1875 	4.9 	-5.33421 	0.00188093 	0.0588 	0.00856971 	11599ms 	845593ms
15.1875 	5 	-5.4344 	0.00155162 	0.0744 	0.00903844 	12049ms 	857646ms
total time: 857646ms
