20x20x50

thermalization time: 649ms
1 	0.1 	-0.902058 	0.00273266 	0.0338 	0.00439488 	229ms 	879ms
1 	0.2 	-0.903664 	0.00327473 	0.04 	0.00745263 	255ms 	1135ms
1 	0.3 	-0.930062 	0.00295262 	0.0423 	0.00618789 	245ms 	1380ms
1 	0.4 	-0.95033 	0.00357327 	0.0501 	0.00531993 	234ms 	1614ms
1 	0.5 	-0.981629 	0.00482378 	0.0468 	0.00704083 	237ms 	1852ms
1 	0.6 	-1.02499 	0.00344758 	0.0467 	0.0069533 	231ms 	2083ms
1 	0.7 	-1.07508 	0.00355088 	0.0663 	0.00829674 	231ms 	2315ms
1 	0.8 	-1.12274 	0.00450735 	0.038 	0.0045 	230ms 	2546ms
1 	0.9 	-1.17488 	0.0058804 	0.0435 	0.00626664 	228ms 	2774ms
1 	1 	-1.2517 	0.00441694 	0.0519 	0.0076421 	218ms 	2993ms
1 	1.1 	-1.31463 	0.00448736 	0.057 	0.00711952 	256ms 	3249ms
1 	1.2 	-1.38621 	0.00530808 	0.0441 	0.00575883 	296ms 	3545ms
1 	1.3 	-1.45638 	0.00726936 	0.0446 	0.00502635 	390ms 	3936ms
1 	1.4 	-1.5638 	0.00757509 	0.0493 	0.00721041 	523ms 	4460ms
1 	1.5 	-1.63756 	0.00886068 	0.0587 	0.00853561 	762ms 	5222ms
1 	1.6 	-1.72118 	0.006807 	0.0476 	0.00580136 	987ms 	6210ms
1 	1.7 	-1.82155 	0.00780252 	0.0444 	0.0067257 	1307ms 	7517ms
1 	1.8 	-1.89251 	0.00493751 	0.0421 	0.00657597 	1779ms 	9296ms
1 	1.9 	-1.997 	0.00744396 	0.046 	0.00635085 	2230ms 	11527ms
1 	2 	-2.09682 	0.00932289 	0.0379 	0.00460226 	3086ms 	14614ms
1 	2.1 	-2.21761 	0.00812599 	0.0243 	0.00435297 	3649ms 	18263ms
1 	2.2 	-2.31969 	0.00799443 	0.0361 	0.00543346 	4855ms 	23119ms
1 	2.3 	-2.43354 	0.00815236 	0.0321 	0.00462709 	5712ms 	28832ms
1 	2.4 	-2.51135 	0.00896839 	0.0323 	0.00611508 	6731ms 	35563ms
1 	2.5 	-2.59149 	0.00754094 	0.0227 	0.00346386 	8006ms 	43570ms
1 	2.6 	-2.72573 	0.00685657 	0.0298 	0.00412543 	8820ms 	52391ms
1 	2.7 	-2.80604 	0.00799447 	0.0375 	0.00522414 	10274ms 	62665ms
1 	2.8 	-2.89428 	0.0112764 	0.0489 	0.00714009 	11690ms 	74355ms
1 	2.9 	-2.98998 	0.00631404 	0.0272 	0.00525063 	15893ms 	90249ms
1 	3 	-3.11709 	0.0075679 	0.0356 	0.00611739 	22317ms 	112567ms
1 	3.1 	-3.18132 	0.0076334 	0.0434 	0.0042103 	18621ms 	131188ms
1 	3.2 	-3.31214 	0.0105904 	0.0293 	0.00419454 	26277ms 	157465ms
1 	3.3 	-3.39179 	0.00715155 	0.0279 	0.00348413 	32641ms 	190106ms
1 	3.4 	-3.49354 	0.0102933 	0.0297 	0.00415411 	35367ms 	225474ms
1 	3.5 	-3.59735 	0.00923645 	0.0362 	0.00473489 	37037ms 	262511ms
1 	3.6 	-3.69268 	0.00857866 	0.0342 	0.00511273 	39726ms 	302238ms
1 	3.7 	-3.79921 	0.00849147 	0.0301 	0.00399082 	43523ms 	345765ms
1 	3.8 	-3.88143 	0.011152 	0.0403 	0.00606101 	45739ms 	391505ms
1 	3.9 	-3.99354 	0.0102288 	0.0454 	0.00665157 	50244ms 	441756ms

thermalization time: 14251ms
1.5 	0.1 	-0.93813 	0.00178442 	0.0146 	0.00182392 	424ms 	456441ms
1.5 	0.2 	-0.969518 	0.00172078 	0.0272 	0.00330189 	438ms 	456883ms
1.5 	0.3 	-0.998875 	0.00167236 	0.0212 	0.00245 	399ms 	457287ms
1.5 	0.4 	-1.01872 	0.0026006 	0.115 	0.00231391 	398ms 	457690ms
1.5 	0.5 	-1.05908 	0.00214879 	0.1051 	0.00513258 	383ms 	458077ms
1.5 	0.6 	-1.09234 	0.00230175 	0.0482 	0.00480997 	407ms 	458490ms
1.5 	0.7 	-1.14311 	0.00340692 	0.0323 	0.00393415 	422ms 	458914ms
1.5 	0.8 	-1.19925 	0.00343701 	0.0304 	0.00344202 	405ms 	459320ms
1.5 	0.9 	-1.26006 	0.00380726 	0.0294 	0.00397199 	408ms 	459729ms
1.5 	1 	-1.32129 	0.00395229 	0.0505 	0.00766893 	492ms 	460226ms
1.5 	1.1 	-1.38757 	0.00413059 	0.0354 	0.0056452 	386ms 	460624ms
1.5 	1.2 	-1.47091 	0.00517248 	0.0285 	0.00440407 	427ms 	461056ms
1.5 	1.3 	-1.54222 	0.00467557 	0.0552 	0.00702217 	463ms 	461519ms
1.5 	1.4 	-1.61743 	0.0046809 	0.0432 	0.006332 	398ms 	461918ms
1.5 	1.5 	-1.71128 	0.00405151 	0.0494 	0.00686822 	634ms 	462553ms
1.5 	1.6 	-1.81114 	0.0049563 	0.0381 	0.00613949 	797ms 	463353ms
1.5 	1.7 	-1.88653 	0.00433065 	0.0337 	0.00544311 	1175ms 	464529ms
1.5 	1.8 	-1.99573 	0.00474585 	0.0278 	0.00493989 	1648ms 	466182ms
1.5 	1.9 	-2.05591 	0.00808082 	0.0401 	0.00713483 	2734ms 	468929ms
1.5 	2 	-2.14474 	0.00509704 	0.0415 	0.00618129 	4131ms 	473060ms
1.5 	2.1 	-2.2713 	0.00484766 	0.0403 	0.00676129 	5792ms 	478853ms
1.5 	2.2 	-2.34698 	0.00678509 	0.0278 	0.00426302 	7555ms 	486409ms
1.5 	2.3 	-2.46415 	0.00655254 	0.0404 	0.00627608 	10570ms 	496980ms
1.5 	2.4 	-2.56716 	0.00669553 	0.033 	0.00465698 	12440ms 	509420ms
1.5 	2.5 	-2.658 	0.00437442 	0.0328 	0.00488049 	15039ms 	524460ms
1.5 	2.6 	-2.73649 	0.00528812 	0.0376 	0.00512648 	18515ms 	542984ms
1.5 	2.7 	-2.84079 	0.00846489 	0.0378 	0.00543584 	21651ms 	564636ms
1.5 	2.8 	-2.91944 	0.00725257 	0.0332 	0.00537068 	24800ms 	589437ms
1.5 	2.9 	-3.05516 	0.00674562 	0.0275 	0.00342479 	30686ms 	620124ms
1.5 	3 	-3.12055 	0.00982248 	0.0352 	0.00432753 	33297ms 	653428ms
1.5 	3.1 	-3.22133 	0.0102563 	0.0345 	0.0047806 	36458ms 	689890ms
1.5 	3.2 	-3.3341 	0.00627719 	0.0285 	0.00429874 	41906ms 	731797ms
1.5 	3.3 	-3.39012 	0.00791087 	0.0296 	0.0055315 	45304ms 	777110ms
1.5 	3.4 	-3.50634 	0.00652658 	0.0318 	0.00414206 	50806ms 	827922ms
1.5 	3.5 	-3.60035 	0.00741634 	0.0244 	0.00307977 	54835ms 	882763ms
1.5 	3.6 	-3.7013 	0.00730991 	0.0392 	0.00522358 	57715ms 	940486ms
1.5 	3.7 	-3.79282 	0.00880084 	0.0273 	0.00473005 	64751ms 	1005238ms
1.5 	3.8 	-3.92994 	0.0109284 	0.022 	0.00417582 	69058ms 	1074297ms
1.5 	3.9 	-4.00938 	0.00978452 	0.0383 	0.00559896 	71855ms 	1146154ms

thermalization time: 20549ms
2.25 	0.1 	-0.951563 	0.0013296 	0.0177 	0.000748888 	524ms 	1167232ms
2.25 	0.2 	-0.989909 	0.000670483 	0.0367 	0.00155938 	452ms 	1167686ms
2.25 	0.3 	-1.02096 	0.000858448 	0.0385 	0.00113652 	410ms 	1168096ms
2.25 	0.4 	-1.04914 	0.00120537 	0.0587 	0.00259856 	397ms 	1168494ms
2.25 	0.5 	-1.08556 	0.00151889 	0.0639 	0.00213639 	402ms 	1168897ms
2.25 	0.6 	-1.124 	0.00170303 	0.0645 	0.00334788 	389ms 	1169287ms
2.25 	0.7 	-1.16976 	0.00178988 	0.0543 	0.00401435 	387ms 	1169675ms
2.25 	0.8 	-1.22495 	0.00256805 	0.053 	0.00584879 	377ms 	1170053ms
2.25 	0.9 	-1.27992 	0.0022556 	0.0247 	0.00346506 	372ms 	1170426ms
2.25 	1 	-1.35996 	0.00315777 	0.0394 	0.00419891 	369ms 	1170796ms
2.25 	1.1 	-1.4233 	0.00350628 	0.06 	0.00706665 	415ms 	1171212ms
2.25 	1.2 	-1.49325 	0.00403585 	0.0824 	0.00991997 	373ms 	1171586ms
2.25 	1.3 	-1.57827 	0.00284743 	0.0646 	0.0114079 	362ms 	1171949ms
2.25 	1.4 	-1.64464 	0.00371697 	0.0435 	0.00651121 	373ms 	1172323ms
2.25 	1.5 	-1.73463 	0.00452374 	0.0361 	0.00534844 	335ms 	1172660ms
2.25 	1.6 	-1.83809 	0.0039169 	0.0352 	0.00701623 	463ms 	1173127ms
2.25 	1.7 	-1.9197 	0.00366713 	0.0405 	0.00646626 	618ms 	1173747ms
2.25 	1.8 	-2.01295 	0.00458587 	0.0286 	0.00318878 	1234ms 	1174982ms
2.25 	1.9 	-2.10672 	0.00392774 	0.0419 	0.00529992 	2317ms 	1177306ms
2.25 	2 	-2.1795 	0.00542412 	0.0332 	0.00482511 	3490ms 	1180800ms
2.25 	2.1 	-2.27242 	0.00352924 	0.0346 	0.00502013 	6080ms 	1186888ms
2.25 	2.2 	-2.37224 	0.00618362 	0.0428 	0.00610382 	8622ms 	1195515ms
2.25 	2.3 	-2.4666 	0.004572 	0.0339 	0.0054027 	12732ms 	1208249ms
2.25 	2.4 	-2.56122 	0.00469778 	0.037 	0.00578072 	17462ms 	1225712ms
2.25 	2.5 	-2.65143 	0.00561805 	0.0304 	0.00414498 	20792ms 	1246505ms
2.25 	2.6 	-2.74796 	0.0047085 	0.0427 	0.00657001 	25755ms 	1272261ms
2.25 	2.7 	-2.86303 	0.00434965 	0.0387 	0.00640495 	31002ms 	1303264ms
2.25 	2.8 	-2.93018 	0.00566027 	0.0304 	0.00526126 	35583ms 	1338848ms
2.25 	2.9 	-3.02776 	0.00557741 	0.0395 	0.00642748 	41091ms 	1379939ms
2.25 	3 	-3.13072 	0.00618986 	0.0493 	0.00800979 	49126ms 	1429066ms
2.25 	3.1 	-3.23263 	0.00611834 	0.0239 	0.00333254 	53966ms 	1483033ms
2.25 	3.2 	-3.34597 	0.006761 	0.0294 	0.00513623 	61264ms 	1544298ms
2.25 	3.3 	-3.41179 	0.00538835 	0.0392 	0.00545955 	67993ms 	1612293ms
2.25 	3.4 	-3.52373 	0.004955 	0.0246 	0.0043149 	76792ms 	1689085ms
2.25 	3.5 	-3.59776 	0.00577986 	0.0362 	0.00509109 	78039ms 	1767125ms
2.25 	3.6 	-3.7182 	0.00457799 	0.0372 	0.00516261 	85003ms 	1852129ms
2.25 	3.7 	-3.82356 	0.00589938 	0.0327 	0.00440625 	61561ms 	1913691ms
2.25 	3.8 	-3.92146 	0.00459506 	0.0478 	0.00525658 	67561ms 	1981252ms
2.25 	3.9 	-3.99575 	0.00528503 	0.0361 	0.00588621 	99496ms 	2080749ms

thermalization time: 23546ms
3.375 	0.1 	-0.963684 	0.0032423 	0.0261 	0.00129968 	349ms 	2104645ms
3.375 	0.2 	-0.96843 	0.00160781 	0.0275 	0.00204634 	354ms 	2105000ms
3.375 	0.3 	-1.0162 	0.0011129 	0.053 	0.00129099 	296ms 	2105297ms
3.375 	0.4 	-1.04796 	0.000817289 	0.0627 	0.00191442 	322ms 	2105620ms
3.375 	0.5 	-1.08974 	0.0010634 	0.0748 	0.00228181 	284ms 	2105904ms
3.375 	0.6 	-1.13615 	0.00129579 	0.0746 	0.00302655 	312ms 	2106217ms
3.375 	0.7 	-1.18743 	0.00174754 	0.0704 	0.00377403 	315ms 	2106533ms
3.375 	0.8 	-1.23891 	0.00197823 	0.089 	0.00465251 	281ms 	2106814ms
3.375 	0.9 	-1.30226 	0.00208743 	0.0773 	0.00373865 	318ms 	2107133ms
3.375 	1 	-1.36899 	0.00185169 	0.0491 	0.00591763 	326ms 	2107459ms
3.375 	1.1 	-1.44041 	0.00195688 	0.0781 	0.00679043 	262ms 	2107722ms
3.375 	1.2 	-1.52516 	0.00191212 	0.0733 	0.00790664 	299ms 	2108021ms
3.375 	1.3 	-1.59502 	0.00267042 	0.0395 	0.00731152 	254ms 	2108276ms
3.375 	1.4 	-1.67459 	0.00280219 	0.0415 	0.00757738 	297ms 	2108573ms
3.375 	1.5 	-1.76477 	0.00206173 	0.0486 	0.00851357 	258ms 	2108832ms
3.375 	1.6 	-1.85474 	0.00319464 	0.0495 	0.00782757 	301ms 	2109134ms
3.375 	1.7 	-1.93579 	0.00350386 	0.0447 	0.00589901 	378ms 	2109513ms
3.375 	1.8 	-2.01694 	0.00288626 	0.0462 	0.00698826 	546ms 	2110059ms
3.375 	1.9 	-2.10952 	0.00419629 	0.0347 	0.0056556 	1656ms 	2111716ms
3.375 	2 	-2.20693 	0.00297328 	0.0396 	0.00602716 	3505ms 	2115221ms
3.375 	2.1 	-2.30563 	0.00251876 	0.0384 	0.00711056 	4794ms 	2120020ms
3.375 	2.2 	-2.37975 	0.00331147 	0.0285 	0.00470815 	6904ms 	2126924ms
3.375 	2.3 	-2.47035 	0.00379711 	0.04 	0.00513566 	10730ms 	2137654ms
3.375 	2.4 	-2.57298 	0.00401407 	0.0444 	0.00501099 	13633ms 	2151288ms
3.375 	2.5 	-2.67385 	0.0041148 	0.0381 	0.00530385 	18219ms 	2169507ms
3.375 	2.6 	-2.7541 	0.00266003 	0.0355 	0.00497912 	26133ms 	2195640ms
3.375 	2.7 	-2.84815 	0.00325522 	0.0375 	0.00626664 	29567ms 	2225208ms
3.375 	2.8 	-2.94755 	0.00392334 	0.0365 	0.00530134 	33674ms 	2258883ms
3.375 	2.9 	-3.05642 	0.00499058 	0.0343 	0.00563198 	48321ms 	2307205ms
3.375 	3 	-3.15158 	0.00445062 	0.0378 	0.00585648 	67352ms 	2374557ms
3.375 	3.1 	-3.24434 	0.00489047 	0.0354 	0.00490255 	74049ms 	2448607ms
3.375 	3.2 	-3.35197 	0.00278506 	0.0343 	0.00510212 	56836ms 	2505446ms
3.375 	3.3 	-3.43881 	0.00574265 	0.0281 	0.00459003 	77920ms 	2583368ms
3.375 	3.4 	-3.52871 	0.00528211 	0.0307 	0.00536485 	103285ms 	2686653ms
3.375 	3.5 	-3.64007 	0.0045124 	0.0286 	0.00340061 	77637ms 	2764291ms
3.375 	3.6 	-3.72553 	0.00463938 	0.0399 	0.0059345 	99699ms 	2863990ms
3.375 	3.7 	-3.82279 	0.00354259 	0.0352 	0.00528938 	127237ms 	2991228ms
3.375 	3.8 	-3.92633 	0.00427502 	0.0315 	0.00592136 	128006ms 	3119235ms
3.375 	3.9 	-4.02894 	0.00439213 	0.0302 	0.00445561 	115886ms 	3235121ms

thermalization time: 42971ms
5.0625 	0.1 	-0.992816 	0.00346217 	0.0324 	0.00370664 	378ms 	3278471ms
5.0625 	0.2 	-0.996409 	0.000940935 	0.0324 	0.00157771 	385ms 	3278857ms
5.0625 	0.3 	-1.02134 	0.000812144 	0.0291 	0.00153351 	379ms 	3279237ms
5.0625 	0.4 	-1.05445 	0.000971471 	0.0255 	0.00209165 	382ms 	3279619ms
5.0625 	0.5 	-1.09934 	0.000734665 	0.051 	0.00358527 	386ms 	3280006ms
5.0625 	0.6 	-1.14214 	0.000987773 	0.0442 	0.00455 	393ms 	3280400ms
5.0625 	0.7 	-1.19709 	0.0012126 	0.0388 	0.00486724 	384ms 	3280785ms
5.0625 	0.8 	-1.25357 	0.00151422 	0.0502 	0.00713401 	387ms 	3281173ms
5.0625 	0.9 	-1.32077 	0.00150763 	0.0871 	0.00552773 	388ms 	3281562ms
5.0625 	1 	-1.38443 	0.00167013 	0.1097 	0.00804974 	377ms 	3281939ms
5.0625 	1.1 	-1.45223 	0.00199543 	0.1274 	0.008747 	366ms 	3282306ms
5.0625 	1.2 	-1.53228 	0.00222176 	0.056 	0.0051031 	360ms 	3282667ms
5.0625 	1.3 	-1.61216 	0.00195323 	0.0383 	0.00479522 	351ms 	3283018ms
5.0625 	1.4 	-1.69226 	0.00223202 	0.0504 	0.0072868 	346ms 	3283365ms
5.0625 	1.5 	-1.77519 	0.00231766 	0.0456 	0.00708913 	338ms 	3283704ms
5.0625 	1.6 	-1.86247 	0.00259757 	0.0435 	0.00814197 	343ms 	3284048ms
5.0625 	1.7 	-1.95457 	0.00210852 	0.0326 	0.00690332 	464ms 	3284512ms
5.0625 	1.8 	-2.03636 	0.00262347 	0.0515 	0.00795692 	661ms 	3285173ms
5.0625 	1.9 	-2.13322 	0.00253171 	0.0366 	0.00526363 	1585ms 	3286759ms
5.0625 	2 	-2.21932 	0.00342167 	0.0396 	0.00448999 	3884ms 	3290643ms
5.0625 	2.1 	-2.31097 	0.00222551 	0.041 	0.00633936 	8271ms 	3298915ms
5.0625 	2.2 	-2.40954 	0.00340427 	0.0349 	0.00430475 	13753ms 	3312668ms
5.0625 	2.3 	-2.49783 	0.00305339 	0.0332 	0.00476209 	20796ms 	3333464ms
5.0625 	2.4 	-2.60319 	0.00289408 	0.0369 	0.00491867 	30089ms 	3363554ms
5.0625 	2.5 	-2.69582 	0.00294067 	0.0495 	0.00729583 	26674ms 	3390229ms
5.0625 	2.6 	-2.78981 	0.00317089 	0.0369 	0.00569408 	37015ms 	3427244ms
5.0625 	2.7 	-2.87537 	0.00269274 	0.0325 	0.00639499 	40975ms 	3468220ms
5.0625 	2.8 	-2.98151 	0.00463166 	0.0376 	0.00480772 	47904ms 	3516124ms
5.0625 	2.9 	-3.08449 	0.00272207 	0.0456 	0.00752258 	57705ms 	3573830ms
5.0625 	3 	-3.16408 	0.00263208 	0.039 	0.00481966 	65124ms 	3638954ms
5.0625 	3.1 	-3.26285 	0.00322229 	0.0306 	0.00442597 	73279ms 	3712234ms
5.0625 	3.2 	-3.36645 	0.00303055 	0.0296 	0.00691418 	103914ms 	3816148ms
5.0625 	3.3 	-3.47315 	0.00332424 	0.0356 	0.00394303 	91486ms 	3907635ms
5.0625 	3.4 	-3.5561 	0.00309593 	0.0336 	0.00467056 	111343ms 	4018978ms
5.0625 	3.5 	-3.65823 	0.00331205 	0.0382 	0.00708655 	131315ms 	4150294ms
5.0625 	3.6 	-3.7511 	0.00302233 	0.0278 	0.00416413 	128061ms 	4278356ms
5.0625 	3.7 	-3.85783 	0.00224639 	0.0283 	0.00493651 	175869ms 	4454226ms
5.0625 	3.8 	-3.95599 	0.0033431 	0.0332 	0.00514482 	202895ms 	4657122ms
5.0625 	3.9 	-4.05375 	0.00362582 	0.0383 	0.00544618 	201320ms 	4858443ms

thermalization time: 56394ms
7.59375 	0.1 	-1.0091 	0.00143098 	0.0334 	0.00238432 	309ms 	4915147ms
7.59375 	0.2 	-1.03079 	0.00143049 	0.0125 	0.00161374 	318ms 	4915465ms
7.59375 	0.3 	-1.05711 	0.000633562 	0.0291 	0.0032271 	280ms 	4915746ms
7.59375 	0.4 	-1.08237 	0.000590648 	0.0603 	0.00353648 	320ms 	4916066ms
7.59375 	0.5 	-1.11705 	0.000666744 	0.0911 	0.0030348 	336ms 	4916403ms
7.59375 	0.6 	-1.15821 	0.00109356 	0.0831 	0.00341955 	299ms 	4916702ms
7.59375 	0.7 	-1.20937 	0.000867874 	0.0475 	0.0051133 	324ms 	4917026ms
7.59375 	0.8 	-1.26839 	0.00142811 	0.0414 	0.00522031 	285ms 	4917312ms
7.59375 	0.9 	-1.32815 	0.000952295 	0.0522 	0.00529803 	323ms 	4917636ms
7.59375 	1 	-1.39898 	0.00177867 	0.0466 	0.00449045 	329ms 	4917965ms
7.59375 	1.1 	-1.47779 	0.00181473 	0.055 	0.00737111 	274ms 	4918240ms
7.59375 	1.2 	-1.55529 	0.00165582 	0.0461 	0.00841388 	305ms 	4918546ms
7.59375 	1.3 	-1.63786 	0.00222763 	0.0437 	0.00659248 	270ms 	4918817ms
7.59375 	1.4 	-1.7183 	0.00144747 	0.0368 	0.00810031 	297ms 	4919114ms
7.59375 	1.5 	-1.80462 	0.00170998 	0.0307 	0.0061636 	284ms 	4919398ms
7.59375 	1.6 	-1.89299 	0.00139879 	0.0406 	0.00562968 	269ms 	4919668ms
7.59375 	1.7 	-1.98105 	0.00152914 	0.0254 	0.00478208 	350ms 	4920019ms
7.59375 	1.8 	-2.07382 	0.00239905 	0.0377 	0.00697005 	443ms 	4920462ms
7.59375 	1.9 	-2.16485 	0.00177704 	0.0409 	0.00561597 	869ms 	4921332ms
7.59375 	2 	-2.25335 	0.00170756 	0.034 	0.00513566 	2512ms 	4923844ms
7.59375 	2.1 	-2.34466 	0.0023316 	0.0406 	0.0067257 	5913ms 	4929758ms
7.59375 	2.2 	-2.44437 	0.00246344 	0.0386 	0.00695384 	11838ms 	4941597ms
7.59375 	2.3 	-2.53981 	0.00109891 	0.05 	0.00660965 	18715ms 	4960312ms
7.59375 	2.4 	-2.63925 	0.00195155 	0.0353 	0.00470886 	38321ms 	4998634ms
7.59375 	2.5 	-2.7303 	0.00183416 	0.0401 	0.0062558 	52373ms 	5051009ms
7.59375 	2.6 	-2.82396 	0.0022609 	0.0375 	0.00531507 	66504ms 	5117513ms
7.59375 	2.7 	-2.93128 	0.00214579 	0.0437 	0.00536408 	66255ms 	5183768ms
7.59375 	2.8 	-3.0204 	0.00152494 	0.035 	0.0045803 	64813ms 	5248581ms
7.59375 	2.9 	-3.11561 	0.00162992 	0.0442 	0.00544044 	73437ms 	5322018ms
7.59375 	3 	-3.22244 	0.00200353 	0.0343 	0.00460416 	115455ms 	5437474ms
7.59375 	3.1 	-3.31793 	0.00180835 	0.032 	0.00381062 	151182ms 	5588657ms
7.59375 	3.2 	-3.41373 	0.00205216 	0.0346 	0.0045932 	167952ms 	5756609ms
7.59375 	3.3 	-3.51539 	0.00167754 	0.0307 	0.00494663 	190280ms 	5946890ms
7.59375 	3.4 	-3.6162 	0.00195738 	0.0332 	0.00476865 	185183ms 	6132074ms
7.59375 	3.5 	-3.71791 	0.00233789 	0.0349 	0.00503422 	151779ms 	6283853ms
7.59375 	3.6 	-3.81065 	0.00213611 	0.0333 	0.00399406 	204351ms 	6488205ms
7.59375 	3.7 	-3.91613 	0.00224244 	0.029 	0.00413824 	180696ms 	6668901ms
7.59375 	3.8 	-4.01055 	0.00178125 	0.0377 	0.00440625 	215570ms 	6884471ms
7.59375 	3.9 	-4.1126 	0.00206802 	0.0431 	0.00579562 	284888ms 	7169360ms
total time: 7169361ms
