20x20x50

thermalization time: 598ms
5 	0.1 	-0.993802 	0.00043776 	0.0773 	0.000852936 	295ms 	896ms
5 	0.2 	-1.00381 	0.000546709 	0.0685 	0.00294746 	298ms 	1194ms
5 	0.3 	-1.02847 	0.000597813 	0.0719 	0.00401373 	298ms 	1493ms
5 	0.4 	-1.05777 	0.000939573 	0.0798 	0.00209125 	291ms 	1784ms
5 	0.5 	-1.10131 	0.000928669 	0.0947 	0.00425323 	294ms 	2078ms
5 	0.6 	-1.14577 	0.00144402 	0.0963 	0.00456463 	306ms 	2385ms
5 	0.7 	-1.19754 	0.00153152 	0.0952 	0.00424244 	268ms 	2654ms
5 	0.8 	-1.25266 	0.0013625 	0.0393 	0.00392513 	366ms 	3020ms
5 	0.9 	-1.30913 	0.00132194 	0.0321 	0.00553903 	291ms 	3312ms
5 	1 	-1.38766 	0.00174707 	0.0648 	0.00658426 	285ms 	3598ms
5 	1.1 	-1.45892 	0.00174957 	0.0522 	0.00689855 	315ms 	3913ms
5 	1.2 	-1.52874 	0.00198304 	0.0575 	0.00662854 	339ms 	4253ms
5 	1.3 	-1.616 	0.00206056 	0.0453 	0.0059184 	262ms 	4516ms
5 	1.4 	-1.69554 	0.00186294 	0.0336 	0.00436625 	267ms 	4783ms
5 	1.5 	-1.77527 	0.00208895 	0.0454 	0.00539035 	278ms 	5062ms
5 	1.6 	-1.86552 	0.00293401 	0.051 	0.00678387 	250ms 	5312ms
5 	1.7 	-1.95342 	0.00196899 	0.0561 	0.00665532 	390ms 	5702ms
5 	1.8 	-2.03912 	0.00280323 	0.0372 	0.00522079 	546ms 	6249ms
5 	1.9 	-2.13002 	0.0032596 	0.05 	0.00638684 	1205ms 	7455ms
5 	2 	-2.22198 	0.00252643 	0.0471 	0.00613677 	2622ms 	10078ms
5 	2.1 	-2.31355 	0.0025652 	0.0422 	0.0045628 	7714ms 	17792ms
5 	2.2 	-2.41119 	0.00329829 	0.0299 	0.00440757 	14381ms 	32182ms
5 	2.3 	-2.49702 	0.00281375 	0.034 	0.00435651 	20553ms 	52736ms
5 	2.4 	-2.59202 	0.00278567 	0.0308 	0.0052176 	33467ms 	86208ms
5 	2.5 	-2.68393 	0.00263349 	0.0266 	0.00329102 	42052ms 	128262ms
5 	2.6 	-2.76866 	0.00260159 	0.0338 	0.00528386 	50918ms 	179184ms
5 	2.7 	-2.88177 	0.00216648 	0.0303 	0.00362951 	62712ms 	241901ms
5 	2.8 	-2.9758 	0.00302378 	0.0399 	0.00441465 	75362ms 	317264ms
5 	2.9 	-3.07596 	0.00296219 	0.0383 	0.00603587 	90333ms 	407598ms
5 	3 	-3.16943 	0.00311809 	0.0309 	0.00558062 	104562ms 	512164ms
5 	3.1 	-3.26148 	0.0034257 	0.0407 	0.00606651 	116649ms 	628814ms
5 	3.2 	-3.36513 	0.0026599 	0.0294 	0.00549864 	132648ms 	761463ms
5 	3.3 	-3.45911 	0.00333848 	0.0339 	0.00509714 	142929ms 	904394ms
5 	3.4 	-3.55756 	0.00271715 	0.0345 	0.0051133 	159315ms 	1063710ms
5 	3.5 	-3.66393 	0.00301739 	0.0297 	0.00420397 	179670ms 	1243381ms
5 	3.6 	-3.76241 	0.00227749 	0.031 	0.00484768 	191990ms 	1435372ms
5 	3.7 	-3.8556 	0.0024251 	0.0359 	0.00546748 	206123ms 	1641496ms
5 	3.8 	-3.94906 	0.0029356 	0.029 	0.00363433 	180444ms 	1821948ms
5 	3.9 	-4.04748 	0.00381295 	0.0334 	0.00405658 	219591ms 	2041540ms

thermalization time: 62041ms
7.5 	0.1 	-1.02349 	0.00155668 	0.0524 	0.00371786 	406ms 	2103989ms
7.5 	0.2 	-1.03734 	0.000581145 	0.0272 	0.0025262 	384ms 	2104373ms
7.5 	0.3 	-1.05471 	0.000540953 	0.0166 	0.00167008 	384ms 	2104758ms
7.5 	0.4 	-1.0815 	0.000876038 	0.0088 	0.00133167 	379ms 	2105138ms
7.5 	0.5 	-1.11139 	0.000638448 	0.0143 	0.00212387 	383ms 	2105522ms
7.5 	0.6 	-1.15343 	0.000916888 	0.0275 	0.00290832 	387ms 	2105910ms
7.5 	0.7 	-1.20288 	0.00118964 	0.0349 	0.00557053 	388ms 	2106299ms
7.5 	0.8 	-1.26524 	0.0011155 	0.0367 	0.00433186 	387ms 	2106687ms
7.5 	0.9 	-1.32869 	0.0013602 	0.0135 	0.00280624 	399ms 	2107087ms
7.5 	1 	-1.4007 	0.00152596 	0.0306 	0.00571599 	389ms 	2107476ms
7.5 	1.1 	-1.47332 	0.00147523 	0.0284 	0.00491147 	378ms 	2107855ms
7.5 	1.2 	-1.55365 	0.0016237 	0.0353 	0.00545306 	370ms 	2108226ms
7.5 	1.3 	-1.63609 	0.00157496 	0.0387 	0.00502726 	373ms 	2108600ms
7.5 	1.4 	-1.7183 	0.00147648 	0.0506 	0.00572327 	343ms 	2108943ms
7.5 	1.5 	-1.80042 	0.00182752 	0.0388 	0.00653376 	353ms 	2109297ms
7.5 	1.6 	-1.8936 	0.00134571 	0.0449 	0.00638436 	342ms 	2109639ms
7.5 	1.7 	-1.97866 	0.0014878 	0.0528 	0.00642638 	443ms 	2110083ms
7.5 	1.8 	-2.06802 	0.00226691 	0.0453 	0.00700791 	538ms 	2110621ms
7.5 	1.9 	-2.16249 	0.00170851 	0.0347 	0.00605757 	1297ms 	2111919ms
7.5 	2 	-2.25423 	0.00208811 	0.0327 	0.00423999 	3727ms 	2115646ms
7.5 	2.1 	-2.34726 	0.00175041 	0.0393 	0.00557808 	8874ms 	2124520ms
7.5 	2.2 	-2.44591 	0.00215248 	0.0387 	0.00648896 	17585ms 	2142106ms
7.5 	2.3 	-2.53405 	0.00164826 	0.0493 	0.00855682 	28164ms 	2170270ms
7.5 	2.4 	-2.63453 	0.00183473 	0.0303 	0.00364097 	39197ms 	2209468ms
7.5 	2.5 	-2.72557 	0.00241318 	0.0362 	0.00533682 	34610ms 	2244079ms
7.5 	2.6 	-2.81914 	0.00206567 	0.0378 	0.00462178 	43884ms 	2287963ms
7.5 	2.7 	-2.924 	0.00281396 	0.0267 	0.0051614 	74226ms 	2362190ms
7.5 	2.8 	-3.02105 	0.00198952 	0.0437 	0.00593387 	98561ms 	2460751ms
7.5 	2.9 	-3.12391 	0.00242365 	0.0503 	0.00611235 	115702ms 	2576454ms
7.5 	3 	-3.21886 	0.00237848 	0.0463 	0.00650179 	121400ms 	2697854ms
7.5 	3.1 	-3.31357 	0.00130277 	0.0437 	0.00582223 	117969ms 	2815824ms
7.5 	3.2 	-3.41279 	0.0013691 	0.0396 	0.00480165 	167989ms 	2983814ms
7.5 	3.3 	-3.51424 	0.00170579 	0.04 	0.00713705 	181627ms 	3165442ms
7.5 	3.4 	-3.61127 	0.00195828 	0.0331 	0.00516454 	184760ms 	3350202ms
7.5 	3.5 	-3.71191 	0.00224663 	0.0325 	0.00496026 	229234ms 	3579437ms
7.5 	3.6 	-3.81263 	0.00225094 	0.0433 	0.00596818 	215180ms 	3794617ms
7.5 	3.7 	-3.90665 	0.00270568 	0.0385 	0.00484768 	237512ms 	4032130ms
7.5 	3.8 	-4.01021 	0.00181406 	0.0349 	0.00621906 	254982ms 	4287113ms
7.5 	3.9 	-4.10731 	0.00180983 	0.0318 	0.00460416 	265972ms 	4553085ms

thermalization time: 84503ms
11.25 	0.1 	-1.00591 	0.000916548 	0.018 	0.00198956 	381ms 	4637970ms
11.25 	0.2 	-1.04642 	0.00102923 	0.0233 	0.00276782 	369ms 	4638340ms
11.25 	0.3 	-1.07249 	0.000570843 	0.0261 	0.00222242 	374ms 	4638715ms
11.25 	0.4 	-1.09992 	0.00064386 	0.041 	0.00480234 	372ms 	4639087ms
11.25 	0.5 	-1.13381 	0.000620274 	0.0385 	0.003937 	376ms 	4639465ms
11.25 	0.6 	-1.17652 	0.000958443 	0.0387 	0.00319544 	379ms 	4639845ms
11.25 	0.7 	-1.22804 	0.000871134 	0.0584 	0.00541579 	385ms 	4640230ms
11.25 	0.8 	-1.28564 	0.000614987 	0.0642 	0.00497016 	379ms 	4640610ms
11.25 	0.9 	-1.35379 	0.000803833 	0.0577 	0.00658268 	389ms 	4641000ms
11.25 	1 	-1.42959 	0.000893009 	0.0279 	0.00359595 	387ms 	4641387ms
11.25 	1.1 	-1.50821 	0.000966982 	0.0615 	0.00631961 	374ms 	4641761ms
11.25 	1.2 	-1.589 	0.00130159 	0.0464 	0.00870354 	376ms 	4642138ms
11.25 	1.3 	-1.67703 	0.000929407 	0.058 	0.00864099 	366ms 	4642505ms
11.25 	1.4 	-1.76272 	0.00102177 	0.0627 	0.00633594 	355ms 	4642860ms
11.25 	1.5 	-1.85163 	0.00173218 	0.0535 	0.00621155 	350ms 	4643211ms
11.25 	1.6 	-1.93975 	0.00105649 	0.0404 	0.00480815 	359ms 	4643570ms
11.25 	1.7 	-2.03538 	0.00137776 	0.0421 	0.00494907 	419ms 	4643990ms
11.25 	1.8 	-2.12654 	0.00152135 	0.0393 	0.00649121 	521ms 	4644512ms
11.25 	1.9 	-2.22234 	0.00124584 	0.0385 	0.0051821 	966ms 	4645478ms
11.25 	2 	-2.32021 	0.0017472 	0.0349 	0.00514676 	2650ms 	4648128ms
11.25 	2.1 	-2.41482 	0.00109246 	0.0281 	0.0046104 	8118ms 	4656247ms
11.25 	2.2 	-2.5131 	0.00190727 	0.0417 	0.00492807 	18645ms 	4674893ms
11.25 	2.3 	-2.61312 	0.00169605 	0.0375 	0.0076103 	31473ms 	4706367ms
11.25 	2.4 	-2.71314 	0.00131406 	0.032 	0.0056899 	44261ms 	4750629ms
11.25 	2.5 	-2.80766 	0.0010493 	0.0346 	0.00725098 	58377ms 	4809007ms
11.25 	2.6 	-2.90821 	0.0012267 	0.0369 	0.00499016 	75355ms 	4884362ms
11.25 	2.7 	-3.00855 	0.00140616 	0.0281 	0.00414648 	87308ms 	4971670ms
11.25 	2.8 	-3.10679 	0.00138693 	0.0417 	0.00539622 	117014ms 	5088685ms
11.25 	2.9 	-3.20466 	0.00188567 	0.0441 	0.00561597 	131291ms 	5219977ms
11.25 	3 	-3.30751 	0.00122772 	0.0289 	0.0038163 	148590ms 	5368568ms
11.25 	3.1 	-3.40838 	0.00146711 	0.0299 	0.00566694 	178134ms 	5546703ms
11.25 	3.2 	-3.50827 	0.00104279 	0.0308 	0.00444813 	145242ms 	5691945ms
11.25 	3.3 	-3.60938 	0.00151903 	0.0328 	0.0046465 	147232ms 	5839178ms
11.25 	3.4 	-3.70806 	0.00130768 	0.0355 	0.00545245 	184308ms 	6023487ms
11.25 	3.5 	-3.80919 	0.00134653 	0.0357 	0.00476209 	268822ms 	6292310ms
11.25 	3.6 	-3.91191 	0.00109009 	0.0286 	0.00465045 	280591ms 	6572901ms
11.25 	3.7 	-4.01282 	0.00117736 	0.0318 	0.00550098 	271844ms 	6844746ms
11.25 	3.8 	-4.11453 	0.00108703 	0.0319 	0.00366083 	301827ms 	7146574ms
11.25 	3.9 	-4.21327 	0.00107575 	0.0291 	0.00436816 	233123ms 	7379697ms

thermalization time: 78898ms
16.875 	0.1 	-1.02207 	0.00112333 	0.0536 	0.00336675 	270ms 	7458867ms
16.875 	0.2 	-1.04899 	0.000984907 	0.0325 	0.00226844 	259ms 	7459126ms
16.875 	0.3 	-1.07982 	0.000390654 	0.0322 	0.00303905 	257ms 	7459384ms
16.875 	0.4 	-1.11521 	0.000324203 	0.0573 	0.00252867 	260ms 	7459645ms
16.875 	0.5 	-1.15505 	0.000505617 	0.0682 	0.00336811 	272ms 	7459917ms
16.875 	0.6 	-1.20218 	0.000484496 	0.1138 	0.00456691 	271ms 	7460189ms
16.875 	0.7 	-1.26091 	0.000528422 	0.1399 	0.00508568 	269ms 	7460458ms
16.875 	0.8 	-1.32718 	0.000753115 	0.0589 	0.0046594 	291ms 	7460750ms
16.875 	0.9 	-1.40499 	0.000728018 	0.0797 	0.00691363 	263ms 	7461014ms
16.875 	1 	-1.48486 	0.000718537 	0.0684 	0.00765381 	299ms 	7461313ms
16.875 	1.1 	-1.5733 	0.000915632 	0.0545 	0.0055584 	266ms 	7461579ms
16.875 	1.2 	-1.66252 	0.000935603 	0.0585 	0.00645497 	308ms 	7461887ms
16.875 	1.3 	-1.75339 	0.000909935 	0.1017 	0.00899968 	257ms 	7462145ms
16.875 	1.4 	-1.84906 	0.00081201 	0.043 	0.0071836 	287ms 	7462433ms
16.875 	1.5 	-1.94469 	0.00102321 	0.0452 	0.00708861 	256ms 	7462689ms
16.875 	1.6 	-2.04282 	0.000891809 	0.0491 	0.00813542 	284ms 	7462974ms
16.875 	1.7 	-2.14185 	0.000815896 	0.0484 	0.00695354 	270ms 	7463245ms
16.875 	1.8 	-2.23913 	0.0011932 	0.05 	0.0068252 	326ms 	7463571ms
16.875 	1.9 	-2.33819 	0.000930617 	0.0299 	0.0050114 	411ms 	7463982ms
16.875 	2 	-2.44396 	0.00131514 	0.0372 	0.00529803 	669ms 	7464652ms
16.875 	2.1 	-2.54145 	0.000858506 	0.0389 	0.0068755 	2430ms 	7467082ms
16.875 	2.2 	-2.64456 	0.001036 	0.043 	0.00711073 	6565ms 	7473648ms
16.875 	2.3 	-2.74447 	0.000958392 	0.0328 	0.0053 	13203ms 	7486852ms
16.875 	2.4 	-2.84821 	0.00108188 	0.0397 	0.0065643 	21391ms 	7508243ms
16.875 	2.5 	-2.94936 	0.000825131 	0.0247 	0.00400083 	30093ms 	7538337ms
16.875 	2.6 	-3.05243 	0.00106392 	0.0408 	0.00660606 	40246ms 	7578583ms
16.875 	2.7 	-3.15401 	0.000731517 	0.0336 	0.00510123 	50985ms 	7629568ms
16.875 	2.8 	-3.25511 	0.000862549 	0.0262 	0.00381641 	62395ms 	7691964ms
16.875 	2.9 	-3.35437 	0.000942703 	0.0402 	0.00565118 	75486ms 	7767451ms
16.875 	3 	-3.45829 	0.000815825 	0.0365 	0.00544862 	85124ms 	7852575ms
16.875 	3.1 	-3.55789 	0.00103277 	0.0379 	0.00618243 	95521ms 	7948097ms
16.875 	3.2 	-3.65959 	0.00105318 	0.0339 	0.00612556 	108377ms 	8056475ms
16.875 	3.3 	-3.76482 	0.000695671 	0.0421 	0.006843 	118857ms 	8175332ms
16.875 	3.4 	-3.86402 	0.00060707 	0.0382 	0.00687465 	130898ms 	8306231ms
16.875 	3.5 	-3.96576 	0.000508397 	0.0358 	0.00412492 	143225ms 	8449457ms
16.875 	3.6 	-4.06468 	0.000825036 	0.0354 	0.00575123 	156524ms 	8605981ms
16.875 	3.7 	-4.16807 	0.000929655 	0.0486 	0.00766225 	164888ms 	8770869ms
16.875 	3.8 	-4.26951 	0.000806153 	0.0365 	0.00523211 	177304ms 	8948174ms
16.875 	3.9 	-4.36961 	0.000826538 	0.0396 	0.0070129 	186896ms 	9135071ms

thermalization time: 63357ms
25.3125 	0.1 	-1.03289 	0.00144245 	0.0179 	0.00227156 	271ms 	9198700ms
25.3125 	0.2 	-1.06268 	0.000586673 	0.0479 	0.00282725 	237ms 	9198937ms
25.3125 	0.3 	-1.09647 	0.000475101 	0.053 	0.00156791 	274ms 	9199211ms
25.3125 	0.4 	-1.13428 	0.000531437 	0.0246 	0.00275636 	239ms 	9199451ms
25.3125 	0.5 	-1.18695 	0.000418773 	0.0166 	0.00211088 	278ms 	9199729ms
25.3125 	0.6 	-1.24788 	0.000462861 	0.0284 	0.00351746 	263ms 	9199993ms
25.3125 	0.7 	-1.31964 	0.000516194 	0.0379 	0.00330618 	259ms 	9200252ms
25.3125 	0.8 	-1.40069 	0.000608292 	0.0413 	0.00588805 	250ms 	9200503ms
25.3125 	0.9 	-1.48876 	0.000724036 	0.0419 	0.00465761 	279ms 	9200782ms
25.3125 	1 	-1.58357 	0.00065251 	0.0796 	0.00696222 	262ms 	9201045ms
25.3125 	1.1 	-1.68555 	0.000710787 	0.0432 	0.00638442 	288ms 	9201333ms
25.3125 	1.2 	-1.78729 	0.00072484 	0.0407 	0.00515493 	256ms 	9201589ms
25.3125 	1.3 	-1.88848 	0.000944233 	0.0469 	0.00620363 	284ms 	9201874ms
25.3125 	1.4 	-1.99248 	0.000509182 	0.0572 	0.00797433 	255ms 	9202130ms
25.3125 	1.5 	-2.09792 	0.000868106 	0.0455 	0.00693121 	268ms 	9202398ms
25.3125 	1.6 	-2.20345 	0.000718772 	0.0418 	0.00491282 	260ms 	9202659ms
25.3125 	1.7 	-2.30791 	0.000999841 	0.0433 	0.00627615 	254ms 	9202914ms
25.3125 	1.8 	-2.41372 	0.000803306 	0.0452 	0.00613888 	245ms 	9203160ms
25.3125 	1.9 	-2.51682 	0.000591348 	0.0558 	0.00881845 	275ms 	9203435ms
25.3125 	2 	-2.62229 	0.000910004 	0.0423 	0.00836775 	252ms 	9203688ms
25.3125 	2.1 	-2.72677 	0.000921684 	0.0424 	0.00727507 	355ms 	9204044ms
25.3125 	2.2 	-2.82954 	0.000737308 	0.0536 	0.00995205 	546ms 	9204591ms
25.3125 	2.3 	-2.93313 	0.00080075 	0.0494 	0.00721873 	1102ms 	9205694ms
25.3125 	2.4 	-3.03734 	0.00085666 	0.0413 	0.00776896 	2825ms 	9208519ms
25.3125 	2.5 	-3.1397 	0.00105689 	0.0546 	0.00687489 	5436ms 	9213955ms
25.3125 	2.6 	-3.24189 	0.000672949 	0.0404 	0.00546329 	9497ms 	9223453ms
25.3125 	2.7 	-3.34496 	0.000754592 	0.0538 	0.00752236 	13742ms 	9237196ms
25.3125 	2.8 	-3.44568 	0.000904926 	0.0384 	0.00425461 	19056ms 	9256252ms
25.3125 	2.9 	-3.54574 	0.000711504 	0.0449 	0.0084502 	24540ms 	9280793ms
25.3125 	3 	-3.6479 	0.000670443 	0.0472 	0.00590431 	30086ms 	9310880ms
25.3125 	3.1 	-3.74866 	0.000654186 	0.0467 	0.00646903 	34914ms 	9345795ms
25.3125 	3.2 	-3.85066 	0.000701493 	0.0486 	0.00746391 	40197ms 	9385993ms
25.3125 	3.3 	-3.94962 	0.000952377 	0.0451 	0.00714796 	45754ms 	9431747ms
25.3125 	3.4 	-4.05064 	0.000612187 	0.0488 	0.00721272 	51097ms 	9482845ms
25.3125 	3.5 	-4.14999 	0.000767474 	0.0396 	0.00568199 	55693ms 	9538538ms
25.3125 	3.6 	-4.25095 	0.000768192 	0.0483 	0.0074871 	59456ms 	9597995ms
25.3125 	3.7 	-4.35293 	0.00077415 	0.0465 	0.00473902 	63814ms 	9661810ms
25.3125 	3.8 	-4.45088 	0.000839886 	0.044 	0.00615427 	68251ms 	9730062ms
25.3125 	3.9 	-4.55112 	0.000612902 	0.0402 	0.0062798 	71185ms 	9801247ms

thermalization time: 24648ms
37.9688 	0.1 	-1.07148 	0.00423837 	0.0224 	0.00154434 	267ms 	9826163ms
37.9688 	0.2 	-1.08935 	0.000613327 	0.0065 	0.000721688 	239ms 	9826403ms
37.9688 	0.3 	-1.13457 	0.000402358 	0.0173 	0.00230452 	240ms 	9826643ms
37.9688 	0.4 	-1.18259 	0.000446889 	0.0095 	0.00157454 	230ms 	9826873ms
37.9688 	0.5 	-1.24731 	0.000420913 	0.0162 	0.00250882 	262ms 	9827136ms
37.9688 	0.6 	-1.32418 	0.000461026 	0.0289 	0.00228254 	241ms 	9827378ms
37.9688 	0.7 	-1.40935 	0.000493748 	0.0548 	0.00446262 	272ms 	9827650ms
37.9688 	0.8 	-1.50898 	0.000575217 	0.0756 	0.00424333 	247ms 	9827898ms
37.9688 	0.9 	-1.61745 	0.000797538 	0.0807 	0.00472696 	276ms 	9828175ms
37.9688 	1 	-1.72965 	0.000812858 	0.0333 	0.00442229 	245ms 	9828420ms
37.9688 	1.1 	-1.84276 	0.000832986 	0.044 	0.0067082 	268ms 	9828689ms
37.9688 	1.2 	-1.95601 	0.000580719 	0.035 	0.00542755 	254ms 	9828944ms
37.9688 	1.3 	-2.06582 	0.000538437 	0.0489 	0.00593907 	259ms 	9829204ms
37.9688 	1.4 	-2.17532 	0.000597875 	0.0607 	0.00652642 	272ms 	9829476ms
37.9688 	1.5 	-2.28179 	0.00049198 	0.0512 	0.00477214 	257ms 	9829733ms
37.9688 	1.6 	-2.38788 	0.000554805 	0.0652 	0.00785403 	279ms 	9830012ms
37.9688 	1.7 	-2.4929 	0.000498316 	0.0412 	0.00631156 	254ms 	9830266ms
37.9688 	1.8 	-2.59659 	0.000795901 	0.032 	0.00505181 	262ms 	9830529ms
37.9688 	1.9 	-2.70135 	0.000602538 	0.0462 	0.0079361 	254ms 	9830783ms
37.9688 	2 	-2.80418 	0.000402203 	0.045 	0.00838401 	247ms 	9831030ms
37.9688 	2.1 	-2.90538 	0.000508574 	0.0494 	0.00594643 	241ms 	9831272ms
37.9688 	2.2 	-3.00777 	0.000523608 	0.0452 	0.0109515 	260ms 	9831532ms
37.9688 	2.3 	-3.10834 	0.000366592 	0.0435 	0.00603635 	237ms 	9831770ms
37.9688 	2.4 	-3.20931 	0.00059091 	0.0647 	0.0101143 	239ms 	9832009ms
37.9688 	2.5 	-3.311 	0.000563749 	0.0486 	0.00734007 	239ms 	9832248ms
37.9688 	2.6 	-3.41087 	0.000515329 	0.0366 	0.00608769 	243ms 	9832491ms
37.9688 	2.7 	-3.51112 	0.000428152 	0.0455 	0.0075208 	247ms 	9832739ms
37.9688 	2.8 	-3.61308 	0.000433043 	0.0485 	0.00575724 	270ms 	9833009ms
37.9688 	2.9 	-3.71332 	0.000434272 	0.0538 	0.00777967 	294ms 	9833304ms
37.9688 	3 	-3.81363 	0.000440656 	0.0401 	0.00809511 	388ms 	9833692ms
37.9688 	3.1 	-3.91272 	0.000620534 	0.049 	0.0084113 	471ms 	9834164ms
37.9688 	3.2 	-4.01358 	0.000781595 	0.0474 	0.00838585 	617ms 	9834782ms
37.9688 	3.3 	-4.1129 	0.000431509 	0.0335 	0.004798 	800ms 	9835582ms
37.9688 	3.4 	-4.21441 	0.000467167 	0.0572 	0.00842531 	899ms 	9836482ms
37.9688 	3.5 	-4.3142 	0.000512385 	0.0595 	0.00943398 	1310ms 	9837792ms
37.9688 	3.6 	-4.4134 	0.000534941 	0.0476 	0.00641041 	1523ms 	9839316ms
37.9688 	3.7 	-4.51274 	0.000657179 	0.0481 	0.00652763 	1735ms 	9841052ms
37.9688 	3.8 	-4.61312 	0.000543204 	0.0431 	0.00817042 	2182ms 	9843234ms
37.9688 	3.9 	-4.71631 	0.00044501 	0.0595 	0.00754569 	2192ms 	9845427ms
total time: 9845427ms
