20x20x50

thermalization time: 636ms
5 	0.1 	-0.993802 	0.00043776 	0.0773 	0.000852936 	433ms 	1074ms
5 	0.2 	-1.00381 	0.000546709 	0.0685 	0.00294746 	416ms 	1491ms
5 	0.3 	-1.02847 	0.000597813 	0.0719 	0.00401373 	437ms 	1929ms
5 	0.4 	-1.05777 	0.000939573 	0.0798 	0.00209125 	425ms 	2354ms
5 	0.5 	-1.10131 	0.000928669 	0.0947 	0.00425323 	474ms 	2828ms
5 	0.6 	-1.14577 	0.00144402 	0.0963 	0.00456463 	452ms 	3281ms
5 	0.7 	-1.19754 	0.00153152 	0.0952 	0.00424244 	403ms 	3685ms
5 	0.8 	-1.25266 	0.0013625 	0.0393 	0.00392513 	413ms 	4098ms
5 	0.9 	-1.30913 	0.00132194 	0.0321 	0.00553903 	454ms 	4552ms
5 	1 	-1.38766 	0.00174707 	0.0648 	0.00658426 	463ms 	5016ms
5 	1.1 	-1.45892 	0.00174957 	0.0522 	0.00689855 	398ms 	5414ms
5 	1.2 	-1.52874 	0.00198304 	0.0575 	0.00662854 	391ms 	5806ms
5 	1.3 	-1.616 	0.00206056 	0.0453 	0.0059184 	368ms 	6179ms
5 	1.4 	-1.69554 	0.00186294 	0.0336 	0.00436625 	366ms 	6549ms
5 	1.5 	-1.77527 	0.00208895 	0.0454 	0.00539035 	374ms 	6927ms
5 	1.6 	-1.86552 	0.00293401 	0.051 	0.00678387 	370ms 	7302ms
5 	1.7 	-1.95342 	0.00196899 	0.0561 	0.00665532 	527ms 	7833ms
5 	1.8 	-2.03912 	0.00280323 	0.0372 	0.00522079 	789ms 	8623ms
5 	1.9 	-2.13002 	0.0032596 	0.05 	0.00638684 	1744ms 	10370ms
5 	2 	-2.22198 	0.00252643 	0.0471 	0.00613677 	4411ms 	14786ms
5 	2.1 	-2.31355 	0.0025652 	0.0422 	0.0045628 	8937ms 	23723ms
5 	2.2 	-2.41119 	0.00329829 	0.0299 	0.00440757 	15694ms 	39418ms
5 	2.3 	-2.49702 	0.00281375 	0.034 	0.00435651 	22413ms 	61832ms
5 	2.4 	-2.59202 	0.00278567 	0.0308 	0.0052176 	32688ms 	94524ms
5 	2.5 	-2.68393 	0.00263349 	0.0266 	0.00329102 	41351ms 	135881ms
5 	2.6 	-2.76866 	0.00260159 	0.0338 	0.00528386 	50637ms 	186519ms
5 	2.7 	-2.88177 	0.00216648 	0.0303 	0.00362951 	63496ms 	250019ms
5 	2.8 	-2.9758 	0.00302378 	0.0399 	0.00441465 	77042ms 	327074ms
5 	2.9 	-3.07596 	0.00296219 	0.0383 	0.00603587 	89399ms 	416478ms
5 	3 	-3.16943 	0.00311809 	0.0309 	0.00558062 	103501ms 	519980ms
5 	3.1 	-3.26148 	0.0034257 	0.0407 	0.00606651 	118521ms 	638502ms
5 	3.2 	-3.36513 	0.0026599 	0.0294 	0.00549864 	130376ms 	768884ms
5 	3.3 	-3.45911 	0.00333848 	0.0339 	0.00509714 	141721ms 	910606ms
5 	3.4 	-3.55756 	0.00271715 	0.0345 	0.0051133 	157437ms 	1068044ms
5 	3.5 	-3.66393 	0.00301739 	0.0297 	0.00420397 	174929ms 	1242981ms
5 	3.6 	-3.76241 	0.00227749 	0.031 	0.00484768 	193352ms 	1436340ms
5 	3.7 	-3.8556 	0.0024251 	0.0359 	0.00546748 	202838ms 	1639186ms
5 	3.8 	-3.94906 	0.0029356 	0.029 	0.00363433 	185924ms 	1825111ms
5 	3.9 	-4.04748 	0.00381295 	0.0334 	0.00405658 	174550ms 	1999661ms
5 	4 	-4.15374 	0.00251258 	0.0241 	0.00357911 	234055ms 	2233717ms
5 	4.1 	-4.25495 	0.0028742 	0.0245 	0.00352668 	205018ms 	2438735ms
5 	4.2 	-4.34265 	0.00367245 	0.0258 	0.00447381 	227647ms 	2666382ms
5 	4.3 	-4.4485 	0.00445222 	0.03 	0.0044441 	243237ms 	2909620ms
5 	4.4 	-4.54718 	0.00366035 	0.0232 	0.00404537 	249921ms 	3159542ms
5 	4.5 	-4.64201 	0.00368649 	0.0352 	0.00545993 	304097ms 	3463640ms
5 	4.6 	-4.74541 	0.00391342 	0.0371 	0.00521352 	345547ms 	3809188ms
5 	4.7 	-4.84117 	0.00347253 	0.026 	0.00406458 	355296ms 	4164484ms
5 	4.8 	-4.94371 	0.0029791 	0.0338 	0.00507264 	300190ms 	4464675ms
5 	4.9 	-5.04082 	0.00281237 	0.0284 	0.0042936 	292695ms 	4757370ms
5 	5 	-5.14 	0.00222119 	0.0312 	0.00479609 	335597ms 	5092968ms

thermalization time: 112997ms
7.5 	0.1 	-1.01738 	0.00123563 	0.0864 	0.00355926 	352ms 	5206317ms
7.5 	0.2 	-1.03384 	0.000653838 	0.1013 	0.00147986 	332ms 	5206650ms
7.5 	0.3 	-1.05773 	0.000588907 	0.108 	0.00258199 	382ms 	5207033ms
7.5 	0.4 	-1.08471 	0.000957019 	0.0959 	0.0025285 	390ms 	5207424ms
7.5 	0.5 	-1.11281 	0.00084248 	0.0648 	0.00349976 	389ms 	5207814ms
7.5 	0.6 	-1.15324 	0.000768241 	0.0617 	0.00474939 	390ms 	5208205ms
7.5 	0.7 	-1.20448 	0.00127865 	0.0519 	0.00499016 	390ms 	5208595ms
7.5 	0.8 	-1.26308 	0.00108993 	0.0945 	0.00379418 	399ms 	5208995ms
7.5 	0.9 	-1.32703 	0.00169215 	0.0223 	0.00405154 	386ms 	5209382ms
7.5 	1 	-1.39993 	0.001488 	0.0304 	0.00378231 	388ms 	5209771ms
7.5 	1.1 	-1.47677 	0.00158889 	0.0435 	0.0062149 	384ms 	5210156ms
7.5 	1.2 	-1.54864 	0.00187115 	0.0341 	0.00514757 	369ms 	5210525ms
7.5 	1.3 	-1.63241 	0.00170292 	0.0525 	0.00703858 	388ms 	5210914ms
7.5 	1.4 	-1.71987 	0.00175662 	0.0357 	0.00437445 	375ms 	5211290ms
7.5 	1.5 	-1.80132 	0.00137917 	0.0397 	0.0063743 	362ms 	5211652ms
7.5 	1.6 	-1.88989 	0.00200152 	0.0368 	0.00607509 	361ms 	5212014ms
7.5 	1.7 	-1.9809 	0.00166533 	0.0246 	0.00372122 	504ms 	5212519ms
7.5 	1.8 	-2.07449 	0.00207432 	0.0341 	0.00583788 	548ms 	5213067ms
7.5 	1.9 	-2.163 	0.00159447 	0.0358 	0.00511884 	1008ms 	5214076ms
7.5 	2 	-2.25315 	0.00164678 	0.0524 	0.0055593 	3026ms 	5217102ms
7.5 	2.1 	-2.35497 	0.00213129 	0.0356 	0.00529205 	6752ms 	5223855ms
7.5 	2.2 	-2.43931 	0.00198354 	0.0364 	0.00475018 	11539ms 	5235394ms
7.5 	2.3 	-2.53303 	0.00193124 	0.0419 	0.00691659 	18483ms 	5253877ms
7.5 	2.4 	-2.63364 	0.00206556 	0.0388 	0.00522039 	26544ms 	5280421ms
7.5 	2.5 	-2.72816 	0.00221281 	0.0324 	0.00558734 	35446ms 	5315868ms
7.5 	2.6 	-2.82373 	0.00154139 	0.0291 	0.00464103 	44174ms 	5360042ms
7.5 	2.7 	-2.91844 	0.00193021 	0.0381 	0.00494402 	53736ms 	5413778ms
7.5 	2.8 	-3.02087 	0.00193166 	0.0297 	0.00578129 	65443ms 	5479222ms
7.5 	2.9 	-3.12122 	0.00244524 	0.0387 	0.00551347 	96224ms 	5575447ms
7.5 	3 	-3.21551 	0.00192733 	0.0377 	0.00523792 	132510ms 	5707957ms
7.5 	3.1 	-3.31228 	0.00205513 	0.0361 	0.00588621 	129084ms 	5837041ms
7.5 	3.2 	-3.41306 	0.00180153 	0.0332 	0.00524508 	166009ms 	6003051ms
7.5 	3.3 	-3.5143 	0.00166131 	0.0352 	0.0047124 	170037ms 	6173088ms
7.5 	3.4 	-3.61638 	0.00150387 	0.0321 	0.00453845 	180169ms 	6353258ms
7.5 	3.5 	-3.71624 	0.00168097 	0.0335 	0.00474781 	229020ms 	6582278ms
7.5 	3.6 	-3.8122 	0.00187888 	0.0376 	0.00543614 	221750ms 	6804029ms
7.5 	3.7 	-3.91296 	0.00180674 	0.0423 	0.00559747 	190184ms 	6994213ms
7.5 	3.8 	-4.0103 	0.00212653 	0.0341 	0.00474315 	195615ms 	7189829ms
7.5 	3.9 	-4.11211 	0.00218106 	0.0379 	0.00618412 	199169ms 	7388999ms
7.5 	4 	-4.20951 	0.00214689 	0.0438 	0.00594615 	218171ms 	7607170ms
7.5 	4.1 	-4.30617 	0.00214663 	0.0332 	0.00436253 	230596ms 	7837767ms
7.5 	4.2 	-4.40874 	0.00216117 	0.0296 	0.0049889 	244746ms 	8082513ms
7.5 	4.3 	-4.50962 	0.00170592 	0.0222 	0.00356873 	258687ms 	8341201ms
7.5 	4.4 	-4.61038 	0.00161571 	0.0298 	0.0028538 	271905ms 	8613106ms
7.5 	4.5 	-4.70627 	0.00191041 	0.029 	0.00484553 	288142ms 	8901249ms
7.5 	4.6 	-4.80698 	0.00181459 	0.0315 	0.00500208 	303717ms 	9204967ms
7.5 	4.7 	-4.91306 	0.00165846 	0.0367 	0.00540008 	321353ms 	9526321ms
7.5 	4.8 	-5.00743 	0.00176778 	0.0425 	0.00629815 	329614ms 	9855936ms
7.5 	4.9 	-5.10953 	0.00144671 	0.0409 	0.00673591 	321213ms 	10177149ms
7.5 	5 	-5.21347 	0.00157459 	0.0333 	0.00570037 	335925ms 	10513074ms

thermalization time: 116587ms
11.25 	0.1 	-1.01313 	0.00208415 	0.0145 	0.00219374 	262ms 	10629924ms
11.25 	0.2 	-1.03992 	0.000915169 	0.0294 	0.001938 	230ms 	10630154ms
11.25 	0.3 	-1.06694 	0.00038998 	0.0272 	0.00245934 	287ms 	10630441ms
11.25 	0.4 	-1.09338 	0.000539329 	0.0475 	0.00343693 	230ms 	10630672ms
11.25 	0.5 	-1.12886 	0.000660984 	0.0562 	0.00335447 	272ms 	10630945ms
11.25 	0.6 	-1.17332 	0.000627965 	0.109 	0.00454606 	234ms 	10631180ms
11.25 	0.7 	-1.22839 	0.000986496 	0.0833 	0.00365639 	252ms 	10631433ms
11.25 	0.8 	-1.28558 	0.00088858 	0.08 	0.00455979 	248ms 	10631682ms
11.25 	0.9 	-1.35424 	0.000745677 	0.0962 	0.00654332 	253ms 	10631935ms
11.25 	1 	-1.42956 	0.00117649 	0.0473 	0.00481517 	241ms 	10632177ms
11.25 	1.1 	-1.50852 	0.000958709 	0.0363 	0.00479826 	253ms 	10632430ms
11.25 	1.2 	-1.59064 	0.00148884 	0.0354 	0.00630258 	261ms 	10632691ms
11.25 	1.3 	-1.67359 	0.00140171 	0.0238 	0.00326637 	241ms 	10632932ms
11.25 	1.4 	-1.76156 	0.00119053 	0.0378 	0.00497979 	241ms 	10633174ms
11.25 	1.5 	-1.85209 	0.0014701 	0.0663 	0.00899435 	216ms 	10633390ms
11.25 	1.6 	-1.93849 	0.00132665 	0.0436 	0.00603476 	231ms 	10633622ms
11.25 	1.7 	-2.03442 	0.00129898 	0.044 	0.00591256 	276ms 	10633898ms
11.25 	1.8 	-2.12961 	0.00152621 	0.0377 	0.00571533 	330ms 	10634228ms
11.25 	1.9 	-2.22318 	0.00101493 	0.0377 	0.00707684 	551ms 	10634781ms
11.25 	2 	-2.32031 	0.00190314 	0.0343 	0.00581041 	1826ms 	10636607ms
11.25 	2.1 	-2.41098 	0.00147419 	0.0329 	0.00504703 	4998ms 	10641606ms
11.25 	2.2 	-2.51109 	0.00112817 	0.0488 	0.00584722 	10799ms 	10652405ms
11.25 	2.3 	-2.6118 	0.00134146 	0.0383 	0.00569671 	18755ms 	10671161ms
11.25 	2.4 	-2.70781 	0.00112822 	0.0404 	0.00564336 	26384ms 	10697545ms
11.25 	2.5 	-2.81095 	0.00131497 	0.0512 	0.00818932 	35258ms 	10732804ms
11.25 	2.6 	-2.90861 	0.00164478 	0.0386 	0.00599319 	46410ms 	10779215ms
11.25 	2.7 	-3.00929 	0.00132233 	0.0308 	0.00432945 	55942ms 	10835158ms
11.25 	2.8 	-3.10614 	0.0014051 	0.0381 	0.00567575 	68134ms 	10903293ms
11.25 	2.9 	-3.20922 	0.00151389 	0.0306 	0.00489532 	78637ms 	10981931ms
11.25 	3 	-3.31009 	0.00123566 	0.0305 	0.00494132 	92357ms 	11074288ms
11.25 	3.1 	-3.40415 	0.00148435 	0.0283 	0.00346927 	104117ms 	11178405ms
11.25 	3.2 	-3.50843 	0.0010364 	0.0437 	0.00535047 	117636ms 	11296042ms
11.25 	3.3 	-3.61023 	0.00106268 	0.0353 	0.00464426 	131220ms 	11427262ms
11.25 	3.4 	-3.71282 	0.00114953 	0.0416 	0.00534805 	144386ms 	11571649ms
11.25 	3.5 	-3.80988 	0.00110112 	0.0399 	0.00747981 	157941ms 	11729590ms
11.25 	3.6 	-3.91235 	0.00121804 	0.0392 	0.00589972 	171926ms 	11901517ms
11.25 	3.7 	-4.01035 	0.00115246 	0.0357 	0.00398832 	183741ms 	12085258ms
11.25 	3.8 	-4.11092 	0.00139334 	0.0358 	0.00652195 	200439ms 	12285697ms
11.25 	3.9 	-4.21566 	0.000920035 	0.0311 	0.0047414 	213868ms 	12499565ms
11.25 	4 	-4.31267 	0.000862122 	0.0331 	0.00595168 	226384ms 	12725950ms
11.25 	4.1 	-4.4157 	0.000934756 	0.0341 	0.00517583 	241280ms 	12967230ms
11.25 	4.2 	-4.51584 	0.00116445 	0.0346 	0.00540771 	256083ms 	13223314ms
11.25 	4.3 	-4.61332 	0.000960443 	0.0332 	0.00552366 	271142ms 	13494456ms
11.25 	4.4 	-4.71617 	0.000984006 	0.0387 	0.00501273 	281650ms 	13776106ms
11.25 	4.5 	-4.81771 	0.00113648 	0.0413 	0.00760499 	299089ms 	14075196ms
11.25 	4.6 	-4.9172 	0.000982822 	0.034 	0.0056421 	309913ms 	14385110ms
11.25 	4.7 	-5.01905 	0.000948293 	0.0413 	0.00644871 	323353ms 	14708463ms
11.25 	4.8 	-5.11884 	0.00108814 	0.0379 	0.0043891 	340894ms 	15049358ms
11.25 	4.9 	-5.22033 	0.00105956 	0.0341 	0.0060894 	351756ms 	15401114ms
11.25 	5 	-5.32136 	0.000765466 	0.0334 	0.00416053 	364272ms 	15765387ms

thermalization time: 126455ms
16.875 	0.1 	-1.01681 	0.00110976 	0.0706 	0.00219032 	248ms 	15892092ms
16.875 	0.2 	-1.04202 	0.000959821 	0.0813 	0.00276556 	231ms 	15892324ms
16.875 	0.3 	-1.07903 	0.000976679 	0.1365 	0.00306526 	246ms 	15892570ms
16.875 	0.4 	-1.1136 	0.000387496 	0.1567 	0.0021002 	229ms 	15892799ms
16.875 	0.5 	-1.15255 	0.00032791 	0.1226 	0.00323226 	254ms 	15893054ms
16.875 	0.6 	-1.20108 	0.000518681 	0.1134 	0.00515566 	231ms 	15893286ms
16.875 	0.7 	-1.26114 	0.000631622 	0.1164 	0.00431586 	255ms 	15893541ms
16.875 	0.8 	-1.32912 	0.000735975 	0.0623 	0.00548278 	240ms 	15893782ms
16.875 	0.9 	-1.4034 	0.000852785 	0.0296 	0.00445037 	259ms 	15894041ms
16.875 	1 	-1.48523 	0.000815709 	0.0298 	0.00417063 	246ms 	15894288ms
16.875 	1.1 	-1.57265 	0.000827204 	0.0591 	0.00845931 	267ms 	15894556ms
16.875 	1.2 	-1.66271 	0.000904028 	0.0519 	0.00631348 	241ms 	15894798ms
16.875 	1.3 	-1.75549 	0.000921543 	0.0569 	0.00570869 	259ms 	15895057ms
16.875 	1.4 	-1.84784 	0.00110241 	0.04 	0.00621658 	229ms 	15895287ms
16.875 	1.5 	-1.94485 	0.000783734 	0.0474 	0.00772237 	262ms 	15895549ms
16.875 	1.6 	-2.04351 	0.000931289 	0.046 	0.00663482 	225ms 	15895775ms
16.875 	1.7 	-2.14207 	0.0011124 	0.0468 	0.00572917 	250ms 	15896025ms
16.875 	1.8 	-2.24115 	0.00126253 	0.0529 	0.00613677 	296ms 	15896321ms
16.875 	1.9 	-2.34366 	0.000844232 	0.0371 	0.00616894 	323ms 	15896645ms
16.875 	2 	-2.44199 	0.000931789 	0.0465 	0.00687386 	605ms 	15897250ms
16.875 	2.1 	-2.54265 	0.00111205 	0.0463 	0.00734297 	1835ms 	15899086ms
16.875 	2.2 	-2.64658 	0.000783008 	0.0478 	0.00805233 	6040ms 	15905126ms
16.875 	2.3 	-2.74689 	0.000998064 	0.0365 	0.00581127 	11783ms 	15916909ms
16.875 	2.4 	-2.84754 	0.00120674 	0.0455 	0.0051316 	19118ms 	15936028ms
16.875 	2.5 	-2.94834 	0.000830096 	0.0374 	0.00623912 	27663ms 	15963692ms
16.875 	2.6 	-3.05212 	0.000844179 	0.0411 	0.00602267 	37455ms 	16001147ms
16.875 	2.7 	-3.15307 	0.000939041 	0.0388 	0.0052024 	46920ms 	16048067ms
16.875 	2.8 	-3.25513 	0.000928875 	0.0404 	0.00693974 	56391ms 	16104459ms
16.875 	2.9 	-3.35938 	0.000930807 	0.0339 	0.00526601 	67082ms 	16171542ms
16.875 	3 	-3.45859 	0.000869331 	0.0331 	0.00520072 	78046ms 	16249588ms
16.875 	3.1 	-3.55971 	0.00100394 	0.0478 	0.00789557 	88538ms 	16338127ms
16.875 	3.2 	-3.66214 	0.000914805 	0.0302 	0.00463663 	100744ms 	16438872ms
16.875 	3.3 	-3.76527 	0.000924151 	0.0431 	0.0060282 	111255ms 	16550127ms
16.875 	3.4 	-3.86547 	0.00109989 	0.0423 	0.00665351 	119648ms 	16669776ms
16.875 	3.5 	-3.96793 	0.00110182 	0.033 	0.00588607 	132064ms 	16801841ms
16.875 	3.6 	-4.0665 	0.000900953 	0.0446 	0.00569664 	142370ms 	16944211ms
16.875 	3.7 	-4.16412 	0.000853318 	0.0405 	0.00535413 	153835ms 	17098047ms
16.875 	3.8 	-4.26788 	0.000812396 	0.0381 	0.0061344 	161504ms 	17259552ms
16.875 	3.9 	-4.36805 	0.000861278 	0.039 	0.00629318 	172680ms 	17432232ms
16.875 	4 	-4.46967 	0.000704386 	0.045 	0.00675925 	181977ms 	17614210ms
16.875 	4.1 	-4.5701 	0.000604672 	0.0457 	0.00609392 	189981ms 	17804191ms
16.875 	4.2 	-4.67237 	0.00066948 	0.0381 	0.00481162 	198098ms 	18002290ms
16.875 	4.3 	-4.77185 	0.00106973 	0.0412 	0.00680092 	207665ms 	18209956ms
16.875 	4.4 	-4.87252 	0.000850781 	0.049 	0.00724856 	215961ms 	18425917ms
16.875 	4.5 	-4.97476 	0.000882233 	0.041 	0.00625333 	223353ms 	18649271ms
16.875 	4.6 	-5.07665 	0.000712938 	0.0325 	0.0042106 	230058ms 	18879330ms
16.875 	4.7 	-5.17436 	0.000633172 	0.04 	0.00514377 	238002ms 	19117333ms
16.875 	4.8 	-5.27418 	0.000780327 	0.0369 	0.00586884 	245248ms 	19362582ms
16.875 	4.9 	-5.37573 	0.000866655 	0.0361 	0.00495833 	253399ms 	19615981ms
16.875 	5 	-5.47588 	0.000736142 	0.0359 	0.00592818 	258020ms 	19874001ms

thermalization time: 90128ms
25.3125 	0.1 	-1.02501 	0.0018883 	0.0377 	0.00371068 	252ms 	19964381ms
25.3125 	0.2 	-1.0579 	0.0010516 	0.027 	0.00225924 	215ms 	19964597ms
25.3125 	0.3 	-1.1011 	0.00049873 	0.0735 	0.00228218 	221ms 	19964818ms
25.3125 	0.4 	-1.13854 	0.000253305 	0.049 	0.0040104 	235ms 	19965054ms
25.3125 	0.5 	-1.18561 	0.000281286 	0.1051 	0.00480122 	224ms 	19965278ms
25.3125 	0.6 	-1.24384 	0.000450561 	0.0786 	0.00534649 	251ms 	19965530ms
25.3125 	0.7 	-1.315 	0.000434617 	0.0477 	0.00550553 	231ms 	19965762ms
25.3125 	0.8 	-1.39806 	0.000480292 	0.0586 	0.00445833 	247ms 	19966010ms
25.3125 	0.9 	-1.48705 	0.000541735 	0.0502 	0.00794371 	235ms 	19966246ms
25.3125 	1 	-1.58346 	0.000603716 	0.0631 	0.00936447 	243ms 	19966489ms
25.3125 	1.1 	-1.68564 	0.000833776 	0.0407 	0.00392779 	245ms 	19966735ms
25.3125 	1.2 	-1.78435 	0.000479464 	0.0429 	0.00615373 	245ms 	19966981ms
25.3125 	1.3 	-1.88902 	0.000685916 	0.0425 	0.00743864 	268ms 	19967249ms
25.3125 	1.4 	-1.99489 	0.000578237 	0.0366 	0.00482589 	241ms 	19967491ms
25.3125 	1.5 	-2.09919 	0.000841826 	0.0646 	0.00847137 	240ms 	19967732ms
25.3125 	1.6 	-2.20276 	0.000745352 	0.0382 	0.00591523 	221ms 	19967953ms
25.3125 	1.7 	-2.30926 	0.000723642 	0.053 	0.00780491 	235ms 	19968189ms
25.3125 	1.8 	-2.41562 	0.000830697 	0.0351 	0.00578158 	228ms 	19968417ms
25.3125 	1.9 	-2.51738 	0.000622786 	0.0457 	0.00686859 	217ms 	19968635ms
25.3125 	2 	-2.62494 	0.00079861 	0.0533 	0.00643998 	230ms 	19968865ms
25.3125 	2.1 	-2.72704 	0.000745068 	0.043 	0.00683435 	323ms 	19969188ms
25.3125 	2.2 	-2.83113 	0.000766871 	0.0492 	0.0073353 	439ms 	19969628ms
25.3125 	2.3 	-2.93108 	0.000934017 	0.0462 	0.00752512 	978ms 	19970607ms
25.3125 	2.4 	-3.0335 	0.000613671 	0.049 	0.00743023 	2314ms 	19972921ms
25.3125 	2.5 	-3.13721 	0.000563879 	0.0287 	0.00465725 	5184ms 	19978105ms
25.3125 	2.6 	-3.24191 	0.000828543 	0.0463 	0.00772054 	8367ms 	19986473ms
25.3125 	2.7 	-3.3417 	0.000526706 	0.0506 	0.00632007 	13143ms 	19999617ms
25.3125 	2.8 	-3.44362 	0.00097382 	0.0492 	0.00816078 	18178ms 	20017795ms
25.3125 	2.9 	-3.54621 	0.000851087 	0.0411 	0.00569554 	22264ms 	20040060ms
25.3125 	3 	-3.64674 	0.000618654 	0.0391 	0.00609966 	27149ms 	20067209ms
25.3125 	3.1 	-3.74969 	0.000650704 	0.0423 	0.00642086 	31868ms 	20099078ms
25.3125 	3.2 	-3.84952 	0.000752013 	0.0484 	0.00611331 	37416ms 	20136495ms
25.3125 	3.3 	-3.95129 	0.000588855 	0.0386 	0.00705496 	41973ms 	20178468ms
25.3125 	3.4 	-4.05105 	0.000497957 	0.0461 	0.00439953 	46651ms 	20225120ms
25.3125 	3.5 	-4.15327 	0.000710542 	0.0428 	0.0070435 	49993ms 	20275114ms
25.3125 	3.6 	-4.25293 	0.00079432 	0.0388 	0.00548126 	54800ms 	20329915ms
25.3125 	3.7 	-4.35229 	0.000702243 	0.0501 	0.00597125 	59211ms 	20389126ms
25.3125 	3.8 	-4.45376 	0.000686793 	0.0598 	0.0100901 	62607ms 	20451733ms
25.3125 	3.9 	-4.55513 	0.000732646 	0.0386 	0.00581679 	65640ms 	20517374ms
25.3125 	4 	-4.65477 	0.000634723 	0.0438 	0.00494368 	67931ms 	20585306ms
25.3125 	4.1 	-4.75467 	0.00106152 	0.0467 	0.00589795 	71366ms 	20656673ms
25.3125 	4.2 	-4.85454 	0.000845883 	0.0413 	0.00569561 	74109ms 	20730782ms
25.3125 	4.3 	-4.95508 	0.000779231 	0.0322 	0.00669938 	76433ms 	20807216ms
25.3125 	4.4 	-5.05392 	0.000708593 	0.0492 	0.00757287 	79736ms 	20886952ms
25.3125 	4.5 	-5.15534 	0.000755563 	0.0418 	0.00649282 	82030ms 	20968982ms
25.3125 	4.6 	-5.25359 	0.000928369 	0.0393 	0.00638279 	84237ms 	21053220ms
25.3125 	4.7 	-5.35423 	0.000637862 	0.0441 	0.0054751 	85683ms 	21138903ms
25.3125 	4.8 	-5.45382 	0.00088285 	0.0549 	0.00841809 	87366ms 	21226270ms
25.3125 	4.9 	-5.55548 	0.000653562 	0.0338 	0.00461456 	88536ms 	21314806ms
25.3125 	5 	-5.65544 	0.000765986 	0.0472 	0.00699154 	90144ms 	21404951ms

thermalization time: 31555ms
37.9688 	0.1 	-1.06638 	0.00450144 	0.0264 	0.00334502 	240ms 	21436747ms
37.9688 	0.2 	-1.08988 	0.000908535 	0.0705 	0.00177365 	207ms 	21436955ms
37.9688 	0.3 	-1.13379 	0.000444042 	0.0849 	0.00248529 	251ms 	21437206ms
37.9688 	0.4 	-1.1794 	0.000313494 	0.0595 	0.0048175 	212ms 	21437418ms
37.9688 	0.5 	-1.24201 	0.000470137 	0.0521 	0.00234379 	229ms 	21437648ms
37.9688 	0.6 	-1.31935 	0.000530165 	0.0216 	0.0026649 	218ms 	21437866ms
37.9688 	0.7 	-1.40754 	0.000360106 	0.0654 	0.00333129 	232ms 	21438098ms
37.9688 	0.8 	-1.50848 	0.000840484 	0.0359 	0.00332252 	237ms 	21438336ms
37.9688 	0.9 	-1.61618 	0.000891635 	0.0313 	0.00332954 	229ms 	21438566ms
37.9688 	1 	-1.72913 	0.000833938 	0.0502 	0.00565118 	229ms 	21438795ms
37.9688 	1.1 	-1.84355 	0.000732364 	0.0448 	0.00474763 	227ms 	21439023ms
37.9688 	1.2 	-1.9558 	0.000689029 	0.036 	0.00472802 	242ms 	21439266ms
37.9688 	1.3 	-2.06739 	0.000711235 	0.0638 	0.00976827 	232ms 	21439498ms
37.9688 	1.4 	-2.17421 	0.000573433 	0.0428 	0.00631519 	240ms 	21439739ms
37.9688 	1.5 	-2.28137 	0.000459423 	0.0461 	0.00863505 	230ms 	21439970ms
37.9688 	1.6 	-2.38803 	0.000509833 	0.0398 	0.00534813 	235ms 	21440205ms
37.9688 	1.7 	-2.49314 	0.00059752 	0.051 	0.00910929 	220ms 	21440425ms
37.9688 	1.8 	-2.59754 	0.000578107 	0.0396 	0.00742978 	227ms 	21440653ms
37.9688 	1.9 	-2.70058 	0.000590325 	0.0656 	0.00725615 	229ms 	21440883ms
37.9688 	2 	-2.80393 	0.000633227 	0.0371 	0.00688549 	238ms 	21441122ms
37.9688 	2.1 	-2.90589 	0.000532705 	0.0506 	0.0090246 	217ms 	21441339ms
37.9688 	2.2 	-3.00944 	0.000596658 	0.0471 	0.00918636 	215ms 	21441554ms
37.9688 	2.3 	-3.1093 	0.000730323 	0.0547 	0.00637266 	244ms 	21441799ms
37.9688 	2.4 	-3.2103 	0.000486248 	0.057 	0.00826136 	219ms 	21442018ms
37.9688 	2.5 	-3.31136 	0.000664268 	0.0535 	0.00740777 	236ms 	21442254ms
37.9688 	2.6 	-3.41189 	0.000631171 	0.0512 	0.0096535 	215ms 	21442470ms
37.9688 	2.7 	-3.51315 	0.000491084 	0.0468 	0.006332 	202ms 	21442673ms
37.9688 	2.8 	-3.61369 	0.00046761 	0.0536 	0.00794523 	242ms 	21442915ms
37.9688 	2.9 	-3.71206 	0.000490316 	0.0455 	0.00632949 	256ms 	21443172ms
37.9688 	3 	-3.81284 	0.000706951 	0.0749 	0.00986944 	360ms 	21443533ms
37.9688 	3.1 	-3.91358 	0.000475275 	0.0593 	0.00877677 	393ms 	21443927ms
37.9688 	3.2 	-4.01361 	0.000464329 	0.0398 	0.00637691 	551ms 	21444479ms
37.9688 	3.3 	-4.11295 	0.000505862 	0.0618 	0.00548392 	771ms 	21445251ms
37.9688 	3.4 	-4.21213 	0.000432577 	0.0591 	0.00856577 	886ms 	21446137ms
37.9688 	3.5 	-4.31289 	0.000713236 	0.0436 	0.00845217 	1116ms 	21447254ms
37.9688 	3.6 	-4.41482 	0.00043151 	0.0434 	0.00651262 	1321ms 	21448575ms
37.9688 	3.7 	-4.51401 	0.000439609 	0.0459 	0.00484312 	1644ms 	21450220ms
37.9688 	3.8 	-4.61224 	0.000609292 	0.0311 	0.00488638 	1997ms 	21452217ms
37.9688 	3.9 	-4.71415 	0.000350963 	0.0511 	0.00946714 	2047ms 	21454265ms
37.9688 	4 	-4.81477 	0.000515787 	0.0569 	0.00739409 	2327ms 	21456593ms
37.9688 	4.1 	-4.91441 	0.000496174 	0.0504 	0.0063339 	2561ms 	21459154ms
37.9688 	4.2 	-5.01288 	0.00055632 	0.0409 	0.00485172 	2879ms 	21462033ms
37.9688 	4.3 	-5.11256 	0.000427675 	0.0418 	0.006941 	3251ms 	21465285ms
37.9688 	4.4 	-5.2127 	0.000515676 	0.0468 	0.00644935 	3386ms 	21468671ms
37.9688 	4.5 	-5.3145 	0.000579403 	0.0553 	0.00703758 	3550ms 	21472222ms
37.9688 	4.6 	-5.4141 	0.000657297 	0.0685 	0.00894194 	3728ms 	21475950ms
37.9688 	4.7 	-5.51421 	0.000463409 	0.0429 	0.0096325 	3851ms 	21479802ms
37.9688 	4.8 	-5.61385 	0.000600803 	0.0413 	0.00682538 	4459ms 	21484261ms
37.9688 	4.9 	-5.7116 	0.00047143 	0.0462 	0.00698975 	4666ms 	21488927ms
37.9688 	5 	-5.81403 	0.000406201 	0.0434 	0.00814565 	5628ms 	21494556ms
total time: 21494556ms
