20x20x50

thermalization time: 632ms
1 	0.1 	-0.902058 	0.00273266 	0.0338 	0.00439488 	218ms 	851ms
1 	0.2 	-0.903664 	0.00327473 	0.04 	0.00745263 	216ms 	1068ms
1 	0.3 	-0.930062 	0.00295262 	0.0423 	0.00618789 	222ms 	1290ms
1 	0.4 	-0.95033 	0.00357327 	0.0501 	0.00531993 	204ms 	1494ms
1 	0.5 	-0.981629 	0.00482378 	0.0468 	0.00704083 	199ms 	1694ms
1 	0.6 	-1.02499 	0.00344758 	0.0467 	0.0069533 	190ms 	1885ms
1 	0.7 	-1.07508 	0.00355088 	0.0663 	0.00829674 	239ms 	2124ms
1 	0.8 	-1.12274 	0.00450735 	0.038 	0.0045 	206ms 	2331ms
1 	0.9 	-1.17488 	0.0058804 	0.0435 	0.00626664 	214ms 	2545ms
1 	1 	-1.2517 	0.00441694 	0.0519 	0.0076421 	184ms 	2729ms
1 	1.1 	-1.31463 	0.00448736 	0.057 	0.00711952 	252ms 	2982ms
1 	1.2 	-1.38621 	0.00530808 	0.0441 	0.00575883 	255ms 	3237ms
1 	1.3 	-1.45638 	0.00726936 	0.0446 	0.00502635 	338ms 	3576ms
1 	1.4 	-1.5638 	0.00757509 	0.0493 	0.00721041 	491ms 	4068ms
1 	1.5 	-1.63756 	0.00886068 	0.0587 	0.00853561 	714ms 	4783ms
1 	1.6 	-1.72118 	0.006807 	0.0476 	0.00580136 	908ms 	5691ms
1 	1.7 	-1.82155 	0.00780252 	0.0444 	0.0067257 	1240ms 	6932ms
1 	1.8 	-1.89251 	0.00493751 	0.0421 	0.00657597 	1723ms 	8655ms
1 	1.9 	-1.997 	0.00744396 	0.046 	0.00635085 	2111ms 	10767ms
1 	2 	-2.09682 	0.00932289 	0.0379 	0.00460226 	3171ms 	13938ms
1 	2.1 	-2.21761 	0.00812599 	0.0243 	0.00435297 	3410ms 	17349ms
1 	2.2 	-2.31969 	0.00799443 	0.0361 	0.00543346 	4383ms 	21732ms
1 	2.3 	-2.43354 	0.00815236 	0.0321 	0.00462709 	5237ms 	26970ms
1 	2.4 	-2.51135 	0.00896839 	0.0323 	0.00611508 	6434ms 	33405ms
1 	2.5 	-2.59149 	0.00754094 	0.0227 	0.00346386 	8056ms 	41462ms
1 	2.6 	-2.72573 	0.00685657 	0.0298 	0.00412543 	8807ms 	50269ms
1 	2.7 	-2.80604 	0.00799447 	0.0375 	0.00522414 	9921ms 	60190ms
1 	2.8 	-2.89428 	0.0112764 	0.0489 	0.00714009 	11408ms 	71599ms
1 	2.9 	-2.98998 	0.00631404 	0.0272 	0.00525063 	13101ms 	84700ms

thermalization time: 4721ms
1.5 	0.1 	-0.945136 	0.00337627 	0.041 	0.00347011 	269ms 	89692ms
1.5 	0.2 	-0.967845 	0.00178279 	0.056 	0.00500833 	254ms 	89947ms
1.5 	0.3 	-0.995285 	0.00179312 	0.0176 	0.00219602 	261ms 	90209ms
1.5 	0.4 	-1.02643 	0.001893 	0.065 	0.00522414 	246ms 	90456ms
1.5 	0.5 	-1.0513 	0.00257684 	0.0814 	0.00373352 	255ms 	90711ms
1.5 	0.6 	-1.0878 	0.00262199 	0.1553 	0.00524667 	241ms 	90953ms
1.5 	0.7 	-1.13749 	0.00276943 	0.098 	0.0035 	276ms 	91229ms
1.5 	0.8 	-1.2015 	0.00318611 	0.056 	0.00671131 	259ms 	91488ms
1.5 	0.9 	-1.25411 	0.00406018 	0.0706 	0.00671174 	267ms 	91756ms
1.5 	1 	-1.31653 	0.00451733 	0.0465 	0.00518612 	248ms 	92005ms
1.5 	1.1 	-1.39423 	0.00383423 	0.037 	0.00449537 	262ms 	92267ms
1.5 	1.2 	-1.4675 	0.00471259 	0.0516 	0.00763064 	215ms 	92483ms
1.5 	1.3 	-1.53554 	0.00467887 	0.0589 	0.010587 	240ms 	92724ms
1.5 	1.4 	-1.63068 	0.00557432 	0.0457 	0.00511028 	241ms 	92965ms
1.5 	1.5 	-1.70748 	0.00545269 	0.0562 	0.00739386 	336ms 	93302ms
1.5 	1.6 	-1.8028 	0.00482868 	0.0475 	0.0069627 	404ms 	93706ms
1.5 	1.7 	-1.87309 	0.00579812 	0.0515 	0.00740917 	615ms 	94321ms
1.5 	1.8 	-1.9931 	0.00361554 	0.0437 	0.00663501 	1118ms 	95440ms
1.5 	1.9 	-2.07727 	0.00788998 	0.0387 	0.0063805 	1752ms 	97193ms
1.5 	2 	-2.15255 	0.00553469 	0.0372 	0.00514239 	2635ms 	99829ms
1.5 	2.1 	-2.28697 	0.0103419 	0.0391 	0.0052893 	3834ms 	103663ms
1.5 	2.2 	-2.35702 	0.00669672 	0.0451 	0.00556305 	4389ms 	108052ms
1.5 	2.3 	-2.44788 	0.00631892 	0.0368 	0.00638279 	5870ms 	113923ms
1.5 	2.4 	-2.53518 	0.0062742 	0.024 	0.0040104 	11789ms 	125712ms
1.5 	2.5 	-2.63502 	0.00588818 	0.0412 	0.00461456 	11123ms 	136836ms
1.5 	2.6 	-2.75655 	0.00657775 	0.0301 	0.00397513 	14229ms 	151066ms
1.5 	2.7 	-2.84002 	0.00641757 	0.0408 	0.00571314 	19426ms 	170492ms
1.5 	2.8 	-2.91789 	0.00846822 	0.0337 	0.00404434 	27495ms 	197988ms
1.5 	2.9 	-3.05195 	0.00804536 	0.0245 	0.00391046 	30921ms 	228910ms

thermalization time: 8532ms
2.25 	0.1 	-0.947483 	0.00194399 	0.0241 	0.00116261 	394ms 	237841ms
2.25 	0.2 	-0.981961 	0.000821512 	0.0381 	0.00110189 	397ms 	238238ms
2.25 	0.3 	-1.01899 	0.00113948 	0.0231 	0.00148801 	396ms 	238635ms
2.25 	0.4 	-1.04342 	0.00143758 	0.0166 	0.00147111 	405ms 	239041ms
2.25 	0.5 	-1.085 	0.00149877 	0.0129 	0.00149778 	398ms 	239440ms
2.25 	0.6 	-1.12087 	0.00219959 	0.0283 	0.00378242 	401ms 	239842ms
2.25 	0.7 	-1.17102 	0.00176068 	0.0301 	0.00465134 	397ms 	240240ms
2.25 	0.8 	-1.23115 	0.00179019 	0.0343 	0.00362146 	402ms 	240642ms
2.25 	0.9 	-1.29134 	0.00297731 	0.0276 	0.00360694 	391ms 	241034ms
2.25 	1 	-1.35464 	0.0023868 	0.0328 	0.00439299 	524ms 	241560ms
2.25 	1.1 	-1.4175 	0.00186618 	0.0427 	0.00430823 	416ms 	241976ms
2.25 	1.2 	-1.50003 	0.00306784 	0.0322 	0.0046465 	369ms 	242346ms
2.25 	1.3 	-1.5765 	0.00376046 	0.036 	0.00682978 	399ms 	242746ms
2.25 	1.4 	-1.64828 	0.00333388 	0.0523 	0.00682813 	440ms 	243186ms
2.25 	1.5 	-1.7393 	0.00307035 	0.0424 	0.00592396 	412ms 	243598ms
2.25 	1.6 	-1.83116 	0.00382719 	0.0372 	0.00575782 	599ms 	244198ms
2.25 	1.7 	-1.91882 	0.00481661 	0.0349 	0.0062857 	648ms 	244846ms
2.25 	1.8 	-2.01432 	0.00520643 	0.0302 	0.00490943 	1310ms 	246157ms
2.25 	1.9 	-2.09853 	0.00329194 	0.0339 	0.00518628 	2409ms 	248567ms
2.25 	2 	-2.18836 	0.00416933 	0.0371 	0.00575123 	3986ms 	252554ms
2.25 	2.1 	-2.28881 	0.00431572 	0.0401 	0.00534922 	6534ms 	259089ms
2.25 	2.2 	-2.36509 	0.00570578 	0.0288 	0.00571934 	8937ms 	268026ms
2.25 	2.3 	-2.47418 	0.00311284 	0.0315 	0.00441588 	13319ms 	281346ms
2.25 	2.4 	-2.57664 	0.00454574 	0.0432 	0.00524309 	17106ms 	298453ms
2.25 	2.5 	-2.67305 	0.00570933 	0.0367 	0.00491537 	21690ms 	320144ms
2.25 	2.6 	-2.74233 	0.00601354 	0.029 	0.00524206 	25312ms 	345457ms
2.25 	2.7 	-2.85181 	0.00649378 	0.0305 	0.00546961 	30917ms 	376375ms
2.25 	2.8 	-2.96011 	0.00404129 	0.0316 	0.0045732 	37200ms 	413576ms
2.25 	2.9 	-3.0322 	0.00370393 	0.0376 	0.00546481 	43476ms 	457052ms

thermalization time: 11833ms
3.375 	0.1 	-0.948204 	0.0046904 	0.0978 	0.00146002 	414ms 	469312ms
3.375 	0.2 	-0.964591 	0.00279255 	0.1031 	0.00118392 	460ms 	469785ms
3.375 	0.3 	-1.00533 	0.000742109 	0.1116 	0.00130608 	467ms 	470263ms
3.375 	0.4 	-1.04436 	0.00110876 	0.1122 	0.00231984 	450ms 	470720ms
3.375 	0.5 	-1.08511 	0.00103292 	0.1239 	0.00352987 	415ms 	471136ms
3.375 	0.6 	-1.12591 	0.00106467 	0.1254 	0.00365912 	413ms 	471553ms
3.375 	0.7 	-1.18058 	0.00163275 	0.1079 	0.00267192 	422ms 	471980ms
3.375 	0.8 	-1.23852 	0.00168041 	0.1214 	0.0047304 	407ms 	472392ms
3.375 	0.9 	-1.30162 	0.00226591 	0.055 	0.00434693 	521ms 	472914ms
3.375 	1 	-1.36643 	0.00242951 	0.0347 	0.0059096 	407ms 	473322ms
3.375 	1.1 	-1.43835 	0.00304715 	0.0534 	0.00742445 	452ms 	473775ms
3.375 	1.2 	-1.51273 	0.00301932 	0.0486 	0.00739099 	402ms 	474181ms
3.375 	1.3 	-1.59669 	0.00174871 	0.0519 	0.00718256 	349ms 	474531ms
3.375 	1.4 	-1.67059 	0.00370031 	0.0423 	0.00672514 	361ms 	474893ms
3.375 	1.5 	-1.77176 	0.00215695 	0.0514 	0.0104842 	356ms 	475250ms
3.375 	1.6 	-1.85504 	0.00296624 	0.0419 	0.00804063 	363ms 	475614ms
3.375 	1.7 	-1.94059 	0.00246724 	0.0407 	0.00569817 	483ms 	476104ms
3.375 	1.8 	-2.01829 	0.00284334 	0.0442 	0.00667976 	844ms 	476952ms
3.375 	1.9 	-2.12784 	0.00413419 	0.0434 	0.00557128 	1827ms 	478784ms
3.375 	2 	-2.21304 	0.00312926 	0.0384 	0.0058947 	4185ms 	482970ms
3.375 	2.1 	-2.29893 	0.00336776 	0.0369 	0.00599006 	6924ms 	489896ms
3.375 	2.2 	-2.40014 	0.0035177 	0.0438 	0.00647128 	12620ms 	502516ms
3.375 	2.3 	-2.47703 	0.00264374 	0.0357 	0.0051286 	17405ms 	519925ms
3.375 	2.4 	-2.57282 	0.0036683 	0.034 	0.00532486 	22445ms 	542371ms
3.375 	2.5 	-2.66851 	0.00387571 	0.0386 	0.00560149 	29780ms 	572156ms
3.375 	2.6 	-2.77167 	0.00289934 	0.0422 	0.0075337 	38779ms 	610941ms
3.375 	2.7 	-2.86091 	0.00544755 	0.0388 	0.0052004 	44779ms 	655726ms
3.375 	2.8 	-2.95929 	0.00545893 	0.0349 	0.00512242 	53334ms 	709061ms
3.375 	2.9 	-3.04019 	0.0049679 	0.0242 	0.00440104 	60355ms 	769421ms

thermalization time: 17320ms
5.0625 	0.1 	-1.01267 	0.000799275 	0.0397 	0.00322206 	419ms 	787167ms
5.0625 	0.2 	-1.02243 	0.00108809 	0.0746 	0.00358143 	476ms 	787657ms
5.0625 	0.3 	-1.03319 	0.000711248 	0.0946 	0.00157903 	482ms 	788151ms
5.0625 	0.4 	-1.05925 	0.000659588 	0.0911 	0.00283608 	430ms 	788588ms
5.0625 	0.5 	-1.09429 	0.000831266 	0.0957 	0.00265565 	436ms 	789033ms
5.0625 	0.6 	-1.13931 	0.00127589 	0.1045 	0.00333229 	404ms 	789441ms
5.0625 	0.7 	-1.19587 	0.00146874 	0.1315 	0.00466369 	420ms 	789866ms
5.0625 	0.8 	-1.25318 	0.0018153 	0.112 	0.00413068 	447ms 	790318ms
5.0625 	0.9 	-1.31437 	0.00209521 	0.1065 	0.00395285 	422ms 	790744ms
5.0625 	1 	-1.39007 	0.00163042 	0.0797 	0.00985131 	437ms 	791183ms
5.0625 	1.1 	-1.4561 	0.00177036 	0.04 	0.00501248 	463ms 	791650ms
5.0625 	1.2 	-1.53519 	0.00204222 	0.0823 	0.0121019 	377ms 	792028ms
5.0625 	1.3 	-1.60634 	0.00229895 	0.0379 	0.0047008 	435ms 	792464ms
5.0625 	1.4 	-1.69892 	0.00234005 	0.0385 	0.00494764 	393ms 	792858ms
5.0625 	1.5 	-1.78037 	0.00254079 	0.0382 	0.00713927 	429ms 	793294ms
5.0625 	1.6 	-1.86502 	0.00275644 	0.0318 	0.00650244 	357ms 	793652ms
5.0625 	1.7 	-1.95187 	0.00264876 	0.0426 	0.00608187 	538ms 	794194ms
5.0625 	1.8 	-2.03602 	0.00196208 	0.0347 	0.00421139 	737ms 	794941ms
5.0625 	1.9 	-2.12776 	0.00233922 	0.0413 	0.00675019 	1869ms 	796815ms
5.0625 	2 	-2.2288 	0.00226658 	0.0443 	0.00518516 	4196ms 	801015ms
5.0625 	2.1 	-2.30747 	0.00212784 	0.0379 	0.00526719 	8593ms 	809609ms
5.0625 	2.2 	-2.41026 	0.00327027 	0.0311 	0.0051419 	15301ms 	824910ms
5.0625 	2.3 	-2.4913 	0.00240842 	0.0414 	0.00536982 	23298ms 	848209ms
5.0625 	2.4 	-2.60171 	0.00138397 	0.0317 	0.00441758 	32363ms 	880576ms
5.0625 	2.5 	-2.6848 	0.00292271 	0.0389 	0.00607776 	40944ms 	921527ms
5.0625 	2.6 	-2.78014 	0.0028485 	0.0392 	0.00591559 	51582ms 	973110ms
5.0625 	2.7 	-2.87579 	0.00223143 	0.0364 	0.0054181 	62868ms 	1035981ms
5.0625 	2.8 	-2.97982 	0.00284408 	0.0363 	0.00526213 	75480ms 	1111467ms
5.0625 	2.9 	-3.07279 	0.00277586 	0.0343 	0.00411684 	89912ms 	1201387ms

thermalization time: 25476ms
7.59375 	0.1 	-0.995003 	0.00117885 	0.0335 	0.00241523 	465ms 	1227334ms
7.59375 	0.2 	-1.02594 	0.000776122 	0.0203 	0.00130958 	476ms 	1227811ms
7.59375 	0.3 	-1.05998 	0.0008616 	0.0136 	0.0018879 	493ms 	1228305ms
7.59375 	0.4 	-1.08393 	0.00122664 	0.0329 	0.00386674 	468ms 	1228774ms
7.59375 	0.5 	-1.11105 	0.000683884 	0.0122 	0.00187261 	428ms 	1229203ms
7.59375 	0.6 	-1.15409 	0.00102547 	0.0281 	0.00304576 	437ms 	1229641ms
7.59375 	0.7 	-1.208 	0.00114798 	0.0544 	0.00323161 	391ms 	1230033ms
7.59375 	0.8 	-1.26603 	0.00127974 	0.0934 	0.00685395 	417ms 	1230451ms
7.59375 	0.9 	-1.33015 	0.000905555 	0.0864 	0.0050251 	412ms 	1230865ms
7.59375 	1 	-1.40247 	0.00174622 	0.0729 	0.00697119 	408ms 	1231277ms
7.59375 	1.1 	-1.47541 	0.0013449 	0.0315 	0.00495185 	402ms 	1231683ms
7.59375 	1.2 	-1.55272 	0.00165389 	0.0388 	0.00611542 	407ms 	1232094ms
7.59375 	1.3 	-1.63486 	0.00138513 	0.031 	0.00436129 	407ms 	1232504ms
7.59375 	1.4 	-1.72309 	0.00137073 	0.0526 	0.00864036 	384ms 	1232892ms
7.59375 	1.5 	-1.80004 	0.00121861 	0.0331 	0.00548916 	390ms 	1233284ms
7.59375 	1.6 	-1.89112 	0.00191381 	0.0354 	0.00543461 	367ms 	1233652ms
7.59375 	1.7 	-1.98289 	0.0022505 	0.0346 	0.00522749 	481ms 	1234134ms
7.59375 	1.8 	-2.07269 	0.00197573 	0.0483 	0.00794476 	575ms 	1234710ms
7.59375 	1.9 	-2.16344 	0.00187794 	0.0431 	0.0061259 	1345ms 	1236056ms
7.59375 	2 	-2.25702 	0.00189269 	0.0405 	0.00671596 	4130ms 	1240188ms
7.59375 	2.1 	-2.34331 	0.00285553 	0.0382 	0.0050343 	9046ms 	1249238ms
7.59375 	2.2 	-2.44495 	0.00224913 	0.04 	0.00653357 	18145ms 	1267385ms
7.59375 	2.3 	-2.54015 	0.00211813 	0.0344 	0.00558696 	28908ms 	1296300ms
7.59375 	2.4 	-2.63651 	0.00161817 	0.0311 	0.00363742 	41747ms 	1338055ms
7.59375 	2.5 	-2.7301 	0.00196598 	0.0283 	0.00547669 	55387ms 	1393448ms
7.59375 	2.6 	-2.82738 	0.00176274 	0.0357 	0.00525896 	69585ms 	1463040ms
7.59375 	2.7 	-2.92609 	0.00178008 	0.0455 	0.00583809 	85961ms 	1549002ms
7.59375 	2.8 	-3.02644 	0.00234526 	0.0385 	0.00772846 	102365ms 	1651371ms
7.59375 	2.9 	-3.12195 	0.00242107 	0.0361 	0.00538532 	122596ms 	1773968ms
total time: 1773969ms
