30x30x50

thermalization time: 768ms
4 	0.1 	-0.983521 	0.000245358 	0.0178667 	0.000500699 	411ms 	1179ms
4 	0.2 	-1.00212 	0.000608179 	0.0187111 	0.000766264 	405ms 	1585ms
4 	0.3 	-1.0283 	0.000559124 	0.0187556 	0.00108168 	403ms 	1989ms
4 	0.4 	-1.05701 	0.000705325 	0.0122667 	0.00148585 	401ms 	2390ms
4 	0.5 	-1.09416 	0.000910867 	0.00648889 	0.00102776 	411ms 	2802ms
4 	0.6 	-1.13983 	0.00102501 	0.0110667 	0.00181158 	416ms 	3219ms
4 	0.7 	-1.19089 	0.00086188 	0.0300889 	0.00278807 	389ms 	3608ms
4 	0.8 	-1.24629 	0.00125696 	0.0732889 	0.00577047 	388ms 	3996ms
4 	0.9 	-1.31021 	0.0010087 	0.0996889 	0.00436905 	373ms 	4369ms
4 	1 	-1.37302 	0.00145069 	0.0903556 	0.00349115 	367ms 	4737ms
4 	1.1 	-1.45101 	0.00178053 	0.0411111 	0.00589098 	395ms 	5132ms
4 	1.2 	-1.52156 	0.00154584 	0.0243111 	0.00373468 	388ms 	5521ms
4 	1.3 	-1.60487 	0.00150642 	0.0278667 	0.00378753 	380ms 	5902ms
4 	1.4 	-1.68671 	0.00184716 	0.0452444 	0.00655478 	403ms 	6305ms
4 	1.5 	-1.77036 	0.00183341 	0.0257778 	0.00269124 	362ms 	6668ms
4 	1.6 	-1.85257 	0.00160418 	0.0294222 	0.00451933 	373ms 	7041ms
4 	1.7 	-1.94023 	0.00162191 	0.0237333 	0.00418201 	487ms 	7528ms
4 	1.8 	-2.02574 	0.00219933 	0.0265778 	0.00390416 	750ms 	8291ms
4 	1.9 	-2.12364 	0.00205483 	0.0317778 	0.00390157 	2192ms 	10484ms
4 	2 	-2.20478 	0.00170903 	0.0220889 	0.00328941 	5745ms 	16230ms
4 	2.1 	-2.29657 	0.00290532 	0.0240889 	0.00291986 	11463ms 	27693ms
4 	2.2 	-2.39601 	0.00238607 	0.0224444 	0.00296898 	20199ms 	47893ms
4 	2.3 	-2.49012 	0.00214418 	0.0190667 	0.00329464 	31574ms 	79468ms
4 	2.4 	-2.57965 	0.00260771 	0.0224444 	0.0025796 	41446ms 	120914ms
4 	2.5 	-2.67747 	0.00256118 	0.0217778 	0.00312233 	56303ms 	177217ms
4 	2.6 	-2.77845 	0.00219006 	0.0210667 	0.00328137 	74495ms 	251713ms
4 	2.7 	-2.87126 	0.00197422 	0.0305333 	0.00551695 	94701ms 	346418ms
4 	2.8 	-2.9619 	0.00263901 	0.0161333 	0.0029994 	121636ms 	468054ms
4 	2.9 	-3.05212 	0.00238168 	0.0235111 	0.00317117 	137359ms 	605414ms
4 	3 	-3.14926 	0.00205984 	0.0221778 	0.00266627 	158430ms 	763845ms
4 	3.1 	-3.24898 	0.00333029 	0.0218222 	0.00294174 	177884ms 	941729ms
4 	3.2 	-3.34525 	0.00191769 	0.0245333 	0.00386283 	199040ms 	1140773ms
4 	3.3 	-3.44536 	0.0018133 	0.0190222 	0.00256225 	201945ms 	1342718ms
4 	3.4 	-3.54175 	0.00247593 	0.0192889 	0.00466529 	222019ms 	1564738ms
4 	3.5 	-3.64025 	0.00275914 	0.0236 	0.00381047 	241557ms 	1806295ms
4 	3.6 	-3.73867 	0.00261925 	0.0223111 	0.00323873 	262951ms 	2069246ms
4 	3.7 	-3.84211 	0.00232686 	0.0263111 	0.00326013 	286778ms 	2356025ms
4 	3.8 	-3.93416 	0.00222231 	0.0248 	0.00418832 	307544ms 	2663569ms
4 	3.9 	-4.03725 	0.00225491 	0.0161333 	0.0040775 	332583ms 	2996153ms

thermalization time: 167438ms
6 	0.1 	-1.00946 	0.00177415 	0.0314667 	0.00135586 	419ms 	3164013ms
6 	0.2 	-1.019 	0.000466005 	0.084 	0.00352008 	415ms 	3164429ms
6 	0.3 	-1.04009 	0.000439415 	0.0908 	0.00143948 	418ms 	3164847ms
6 	0.4 	-1.06706 	0.000672995 	0.0904 	0.00171159 	427ms 	3165275ms
6 	0.5 	-1.09946 	0.000615054 	0.0950222 	0.00243273 	420ms 	3165696ms
6 	0.6 	-1.14717 	0.00104609 	0.0982667 	0.00245375 	427ms 	3166123ms
6 	0.7 	-1.19695 	0.00102321 	0.0975111 	0.00218325 	423ms 	3166546ms
6 	0.8 	-1.25702 	0.00107829 	0.0852 	0.00274553 	423ms 	3166970ms
6 	0.9 	-1.3176 	0.000912513 	0.0749778 	0.00666145 	437ms 	3167407ms
6 	1 	-1.39192 	0.00095202 	0.0749333 	0.00312568 	429ms 	3167837ms
6 	1.1 	-1.46476 	0.00104135 	0.0253333 	0.00277259 	416ms 	3168254ms
6 	1.2 	-1.54623 	0.00125205 	0.0177778 	0.00265041 	409ms 	3168664ms
6 	1.3 	-1.61811 	0.00132247 	0.0384889 	0.00401227 	417ms 	3169081ms
6 	1.4 	-1.70282 	0.00124927 	0.0355111 	0.00381112 	422ms 	3169504ms
6 	1.5 	-1.78679 	0.00114983 	0.0326667 	0.00436315 	388ms 	3169893ms
6 	1.6 	-1.87246 	0.00123755 	0.0223111 	0.00395287 	368ms 	3170261ms
6 	1.7 	-1.95968 	0.00176225 	0.0224889 	0.00200029 	520ms 	3170781ms
6 	1.8 	-2.05221 	0.00173151 	0.0275556 	0.00343547 	631ms 	3171413ms
6 	1.9 	-2.14052 	0.00149891 	0.0236 	0.00358855 	1973ms 	3173387ms
6 	2 	-2.23548 	0.00240221 	0.0282222 	0.00329047 	6685ms 	3180073ms
6 	2.1 	-2.32211 	0.0012492 	0.0191556 	0.00380885 	14966ms 	3195039ms
6 	2.2 	-2.42303 	0.00182921 	0.0211556 	0.00216831 	29332ms 	3224371ms
6 	2.3 	-2.5123 	0.00154131 	0.0239111 	0.00369803 	42360ms 	3266732ms
6 	2.4 	-2.6069 	0.00179737 	0.0221778 	0.00347684 	60308ms 	3327041ms
6 	2.5 	-2.707 	0.00181155 	0.0182667 	0.00310587 	81867ms 	3408908ms
6 	2.6 	-2.79537 	0.00166544 	0.0291111 	0.00494372 	100275ms 	3509184ms
6 	2.7 	-2.89284 	0.00142089 	0.0169333 	0.00217286 	124245ms 	3633430ms
6 	2.8 	-2.99472 	0.00160661 	0.0264 	0.00426744 	148134ms 	3781567ms
6 	2.9 	-3.08904 	0.00165413 	0.02 	0.00293552 	174959ms 	3956527ms
6 	3 	-3.18539 	0.00164998 	0.0241778 	0.00366626 	200947ms 	4157475ms
6 	3.1 	-3.2874 	0.00168126 	0.0249333 	0.00403946 	228274ms 	4385750ms
6 	3.2 	-3.37934 	0.00202862 	0.0231111 	0.00262859 	253455ms 	4639205ms
6 	3.3 	-3.47662 	0.00144495 	0.0200444 	0.00335639 	285185ms 	4924391ms
6 	3.4 	-3.5719 	0.00164535 	0.0225778 	0.00318866 	314765ms 	5239157ms
6 	3.5 	-3.68051 	0.00133875 	0.0261333 	0.00352949 	344548ms 	5583705ms
6 	3.6 	-3.77758 	0.00145483 	0.022 	0.00298418 	375296ms 	5959002ms
6 	3.7 	-3.87076 	0.00189281 	0.0242222 	0.00326031 	410018ms 	6369023ms
6 	3.8 	-3.97523 	0.00162088 	0.0244444 	0.00329234 	441014ms 	6810040ms
6 	3.9 	-4.07231 	0.0018034 	0.0176 	0.00256093 	473054ms 	7283095ms

thermalization time: 239476ms
9 	0.1 	-1.0152 	0.00138927 	0.0577778 	0.0026736 	425ms 	7523000ms
9 	0.2 	-1.03783 	0.000461579 	0.0789778 	0.000833753 	434ms 	7523435ms
9 	0.3 	-1.06398 	0.00049155 	0.0866667 	0.00109244 	459ms 	7523894ms
9 	0.4 	-1.08807 	0.000617762 	0.0692 	0.00260856 	448ms 	7524343ms
9 	0.5 	-1.12128 	0.000367248 	0.0694667 	0.0017929 	447ms 	7524791ms
9 	0.6 	-1.16147 	0.000472259 	0.0576 	0.0020922 	451ms 	7525243ms
9 	0.7 	-1.21207 	0.000679814 	0.0479111 	0.00302889 	451ms 	7525694ms
9 	0.8 	-1.2717 	0.000906581 	0.0312 	0.00273366 	453ms 	7526148ms
9 	0.9 	-1.33684 	0.00064933 	0.0254667 	0.00374546 	467ms 	7526615ms
9 	1 	-1.41071 	0.00072166 	0.0529333 	0.00377444 	457ms 	7527072ms
9 	1.1 	-1.48807 	0.000880385 	0.0394667 	0.00558883 	465ms 	7527537ms
9 	1.2 	-1.5669 	0.00093243 	0.0448889 	0.00462192 	451ms 	7527989ms
9 	1.3 	-1.65015 	0.00102081 	0.0207111 	0.00216679 	440ms 	7528429ms
9 	1.4 	-1.73389 	0.00115956 	0.0269778 	0.00463504 	445ms 	7528874ms
9 	1.5 	-1.82187 	0.000994118 	0.0322222 	0.00380437 	409ms 	7529284ms
9 	1.6 	-1.90887 	0.000916191 	0.0236 	0.00439289 	387ms 	7529672ms
9 	1.7 	-1.99712 	0.00130905 	0.0337333 	0.00402864 	477ms 	7530150ms
9 	1.8 	-2.09312 	0.00071402 	0.0249333 	0.00322674 	530ms 	7530681ms
9 	1.9 	-2.18415 	0.00103548 	0.0274667 	0.00461814 	1210ms 	7531891ms
9 	2 	-2.27863 	0.00105424 	0.0272 	0.00405726 	6161ms 	7538053ms
9 	2.1 	-2.37486 	0.000874698 	0.0327111 	0.00385439 	15959ms 	7554015ms
9 	2.2 	-2.46994 	0.00136225 	0.0299111 	0.00425181 	32067ms 	7586082ms
9 	2.3 	-2.56315 	0.00132365 	0.0251556 	0.00288096 	53085ms 	7639167ms
9 	2.4 	-2.65913 	0.000919333 	0.0277333 	0.00409681 	75536ms 	7714704ms
9 	2.5 	-2.76053 	0.00115912 	0.0316 	0.00546032 	101529ms 	7816234ms
9 	2.6 	-2.85538 	0.00134774 	0.0304 	0.00521429 	130716ms 	7946950ms
9 	2.7 	-2.95474 	0.00105769 	0.0268889 	0.00426103 	161094ms 	8108047ms
9 	2.8 	-3.05293 	0.00101675 	0.0301333 	0.00324597 	190439ms 	8298489ms
9 	2.9 	-3.15173 	0.00119021 	0.0227111 	0.00317855 	225974ms 	8524464ms
9 	3 	-3.25326 	0.00103176 	0.0254667 	0.00413303 	262616ms 	8787080ms
9 	3.1 	-3.34812 	0.00126751 	0.0235556 	0.00336161 	295906ms 	9082990ms
9 	3.2 	-3.44972 	0.00119513 	0.024 	0.00490905 	335604ms 	9418597ms
9 	3.3 	-3.54803 	0.000968183 	0.0195111 	0.00232811 	368839ms 	9787437ms
9 	3.4 	-3.64948 	0.00127305 	0.0270667 	0.00333079 	403642ms 	10191080ms
9 	3.5 	-3.74794 	0.000802762 	0.0175111 	0.00248723 	449688ms 	10640768ms
9 	3.6 	-3.85066 	0.00101477 	0.0259111 	0.00332513 	491170ms 	11131939ms
9 	3.7 	-3.94994 	0.00114944 	0.0190667 	0.00263459 	533953ms 	11665892ms
9 	3.8 	-4.04812 	0.00120776 	0.0218667 	0.00331024 	569962ms 	12235857ms
9 	3.9 	-4.14833 	0.00102038 	0.0248889 	0.00368458 	613865ms 	12849723ms

thermalization time: 309620ms
13.5 	0.1 	-1.01204 	0.000958603 	0.0157333 	0.00134971 	415ms 	13159765ms
13.5 	0.2 	-1.04193 	0.000764249 	0.0408889 	0.00119153 	412ms 	13160177ms
13.5 	0.3 	-1.07473 	0.000591947 	0.0409333 	0.00186883 	420ms 	13160597ms
13.5 	0.4 	-1.108 	0.000375053 	0.0292444 	0.00211084 	418ms 	13161016ms
13.5 	0.5 	-1.14334 	0.000408616 	0.0304444 	0.00289316 	420ms 	13161437ms
13.5 	0.6 	-1.18641 	0.00034581 	0.0573778 	0.0031965 	434ms 	13161871ms
13.5 	0.7 	-1.24253 	0.000442466 	0.0433333 	0.00488131 	426ms 	13162298ms
13.5 	0.8 	-1.30263 	0.000562752 	0.0305333 	0.0052132 	441ms 	13162740ms
13.5 	0.9 	-1.37394 	0.000758142 	0.0242667 	0.00349996 	440ms 	13163180ms
13.5 	1 	-1.45059 	0.000800282 	0.0185778 	0.00250228 	443ms 	13163624ms
13.5 	1.1 	-1.53175 	0.000732193 	0.0180444 	0.00194818 	433ms 	13164057ms
13.5 	1.2 	-1.61798 	0.000571196 	0.022 	0.00362433 	458ms 	13164515ms
13.5 	1.3 	-1.70658 	0.000790943 	0.0365333 	0.00542488 	438ms 	13164954ms
13.5 	1.4 	-1.79578 	0.000810272 	0.0261778 	0.00289464 	423ms 	13165378ms
13.5 	1.5 	-1.88627 	0.00073737 	0.0324444 	0.00431859 	417ms 	13165795ms
13.5 	1.6 	-1.97987 	0.000802693 	0.0382667 	0.00505121 	416ms 	13166211ms
13.5 	1.7 	-2.07489 	0.000769494 	0.0259111 	0.00367268 	414ms 	13166626ms
13.5 	1.8 	-2.16917 	0.000667734 	0.0293333 	0.00505403 	543ms 	13167169ms
13.5 	1.9 	-2.26792 	0.000845255 	0.0269778 	0.00440095 	703ms 	13167873ms
13.5 	2 	-2.3668 	0.000899181 	0.0275556 	0.0049408 	2444ms 	13170317ms
13.5 	2.1 	-2.46561 	0.000866808 	0.0238222 	0.00335124 	11320ms 	13181638ms
13.5 	2.2 	-2.56378 	0.000959629 	0.0272889 	0.00530629 	28235ms 	13209877ms
13.5 	2.3 	-2.66409 	0.00068171 	0.0237778 	0.00321391 	48948ms 	13258829ms
13.5 	2.4 	-2.76494 	0.000865266 	0.0251556 	0.00427736 	75390ms 	13334222ms
13.5 	2.5 	-2.86553 	0.000832905 	0.0236 	0.00342664 	104098ms 	13438323ms
13.5 	2.6 	-2.96499 	0.000736775 	0.0308 	0.00448019 	136930ms 	13575253ms
13.5 	2.7 	-3.06574 	0.000666098 	0.0283111 	0.0045907 	166080ms 	13741336ms
13.5 	2.8 	-3.16619 	0.00106053 	0.0216444 	0.00420959 	203130ms 	13944467ms
13.5 	2.9 	-3.26786 	0.00105188 	0.0233778 	0.00386207 	238049ms 	14182519ms
13.5 	3 	-3.36937 	0.00071755 	0.0294667 	0.00356314 	276445ms 	14458968ms
13.5 	3.1 	-3.47071 	0.00078515 	0.0283111 	0.00395454 	314116ms 	14773085ms
13.5 	3.2 	-3.57152 	0.000725344 	0.0262667 	0.00365705 	352049ms 	15125135ms
13.5 	3.3 	-3.67256 	0.000788419 	0.0228 	0.00375325 	389572ms 	15514708ms
13.5 	3.4 	-3.77233 	0.00072753 	0.0293778 	0.00454021 	428821ms 	15943530ms
13.5 	3.5 	-3.87257 	0.000502783 	0.0265778 	0.00431235 	470087ms 	16413619ms
13.5 	3.6 	-3.97564 	0.000763542 	0.0208444 	0.00276313 	505943ms 	16919563ms
13.5 	3.7 	-4.07512 	0.000663286 	0.0246667 	0.0032502 	543625ms 	17463191ms
13.5 	3.8 	-4.17612 	0.000661905 	0.0255111 	0.00302764 	585340ms 	18048531ms
13.5 	3.9 	-4.27754 	0.000494017 	0.0256444 	0.00325837 	624390ms 	18672924ms

thermalization time: 314411ms
20.25 	0.1 	-1.01827 	0.000933081 	0.0108 	0.00152148 	400ms 	18987742ms
20.25 	0.2 	-1.04527 	0.000597105 	0.0411111 	0.00318368 	400ms 	18988142ms
20.25 	0.3 	-1.08441 	0.000412032 	0.0985333 	0.00295071 	399ms 	18988542ms
20.25 	0.4 	-1.12032 	0.000357515 	0.0841778 	0.00249137 	414ms 	18988956ms
20.25 	0.5 	-1.1641 	0.00030676 	0.0750222 	0.00226361 	411ms 	18989368ms
20.25 	0.6 	-1.21772 	0.000433284 	0.0845333 	0.00274268 	413ms 	18989782ms
20.25 	0.7 	-1.28098 	0.000318993 	0.123289 	0.00249895 	420ms 	18990203ms
20.25 	0.8 	-1.35512 	0.000497992 	0.110489 	0.00330673 	430ms 	18990633ms
20.25 	0.9 	-1.43579 	0.000342626 	0.0834222 	0.00412755 	448ms 	18991082ms
20.25 	1 	-1.52306 	0.000688053 	0.0762222 	0.00391525 	441ms 	18991523ms
20.25 	1.1 	-1.61469 	0.000582506 	0.0857333 	0.00487696 	441ms 	18991965ms
20.25 	1.2 	-1.71034 	0.000432481 	0.0448444 	0.00476004 	452ms 	18992418ms
20.25 	1.3 	-1.80792 	0.000428625 	0.0208444 	0.00303497 	455ms 	18992873ms
20.25 	1.4 	-1.90603 	0.000600486 	0.0228444 	0.00354923 	448ms 	18993322ms
20.25 	1.5 	-2.00519 	0.00062017 	0.0187111 	0.00302913 	429ms 	18993752ms
20.25 	1.6 	-2.10788 	0.000723384 	0.0338222 	0.00460411 	433ms 	18994185ms
20.25 	1.7 	-2.2095 	0.00064178 	0.0294667 	0.00463398 	431ms 	18994617ms
20.25 	1.8 	-2.31229 	0.00065466 	0.0251111 	0.00478122 	382ms 	18995000ms
20.25 	1.9 	-2.41446 	0.000628423 	0.0318667 	0.00399419 	548ms 	18995548ms
20.25 	2 	-2.51772 	0.000551363 	0.0285333 	0.00407275 	568ms 	18996116ms
20.25 	2.1 	-2.62077 	0.000611875 	0.0276444 	0.00435574 	1422ms 	18997538ms
20.25 	2.2 	-2.72294 	0.000425748 	0.0330222 	0.00440656 	5757ms 	19003296ms
20.25 	2.3 	-2.82517 	0.000587178 	0.0286222 	0.00399294 	18358ms 	19021658ms
20.25 	2.4 	-2.92992 	0.00061064 	0.0256444 	0.00303676 	33509ms 	19055167ms
20.25 	2.5 	-3.02982 	0.000580517 	0.0341778 	0.00497123 	54710ms 	19109878ms
20.25 	2.6 	-3.13334 	0.000682613 	0.0337333 	0.00527237 	76123ms 	19186002ms
20.25 	2.7 	-3.23532 	0.000376041 	0.0277778 	0.00391052 	100310ms 	19286316ms
20.25 	2.8 	-3.33741 	0.000589493 	0.0298667 	0.00391595 	125718ms 	19412037ms
20.25 	2.9 	-3.44048 	0.000493512 	0.0284444 	0.00457179 	149505ms 	19561542ms
20.25 	3 	-3.54138 	0.000615119 	0.0253778 	0.00440804 	176933ms 	19738478ms
20.25 	3.1 	-3.64286 	0.000653112 	0.0292 	0.0044507 	201582ms 	19940060ms
20.25 	3.2 	-3.7435 	0.000556221 	0.0281778 	0.00376188 	228839ms 	20168903ms
20.25 	3.3 	-3.84389 	0.000610466 	0.0310667 	0.00433831 	252689ms 	20421595ms
20.25 	3.4 	-3.9477 	0.000720871 	0.0255111 	0.00335639 	274497ms 	20696092ms
20.25 	3.5 	-4.04852 	0.000568103 	0.0247556 	0.00287498 	300455ms 	20996550ms
20.25 	3.6 	-4.15064 	0.000500462 	0.0277778 	0.00349485 	321016ms 	21317570ms
20.25 	3.7 	-4.24942 	0.000523776 	0.0250667 	0.00259636 	343730ms 	21661300ms
20.25 	3.8 	-4.35037 	0.00062089 	0.0321333 	0.00470877 	364609ms 	22025909ms
20.25 	3.9 	-4.45188 	0.000531391 	0.0301778 	0.00332758 	383616ms 	22409526ms

thermalization time: 194426ms
30.375 	0.1 	-1.04431 	0.00222533 	0.0446667 	0.000654205 	374ms 	22604329ms
30.375 	0.2 	-1.06973 	0.000513433 	0.0244444 	0.00137287 	369ms 	22604698ms
30.375 	0.3 	-1.11033 	0.000343651 	0.0450222 	0.0012848 	369ms 	22605067ms
30.375 	0.4 	-1.1539 	0.000270972 	0.0734667 	0.00357881 	375ms 	22605443ms
30.375 	0.5 	-1.20849 	0.000284307 	0.118978 	0.00290729 	385ms 	22605828ms
30.375 	0.6 	-1.27527 	0.000268678 	0.131244 	0.00226834 	392ms 	22606221ms
30.375 	0.7 	-1.35262 	0.000357895 	0.104089 	0.00230826 	403ms 	22606624ms
30.375 	0.8 	-1.44279 	0.000716448 	0.0682667 	0.00537295 	411ms 	22607036ms
30.375 	0.9 	-1.54032 	0.000481764 	0.0538667 	0.0066775 	423ms 	22607459ms
30.375 	1 	-1.64468 	0.000656248 	0.0338667 	0.00378763 	431ms 	22607891ms
30.375 	1.1 	-1.7513 	0.000400338 	0.0354222 	0.00363019 	432ms 	22608323ms
30.375 	1.2 	-1.85889 	0.000398825 	0.0329778 	0.00459366 	429ms 	22608752ms
30.375 	1.3 	-1.96741 	0.000385014 	0.0315111 	0.00458432 	430ms 	22609183ms
30.375 	1.4 	-2.07374 	0.000436036 	0.0282222 	0.00536373 	416ms 	22609599ms
30.375 	1.5 	-2.18255 	0.00053077 	0.0453333 	0.00637511 	430ms 	22610030ms
30.375 	1.6 	-2.28978 	0.000589617 	0.0255556 	0.00361695 	429ms 	22610459ms
30.375 	1.7 	-2.39495 	0.000444894 	0.0334667 	0.004236 	416ms 	22610875ms
30.375 	1.8 	-2.49972 	0.000485044 	0.0313333 	0.00603999 	409ms 	22611285ms
30.375 	1.9 	-2.60542 	0.000357836 	0.0354222 	0.00606729 	407ms 	22611692ms
30.375 	2 	-2.70991 	0.000504343 	0.0263556 	0.00336131 	389ms 	22612082ms
30.375 	2.1 	-2.81295 	0.000444837 	0.0384444 	0.00542893 	391ms 	22612473ms
30.375 	2.2 	-2.91617 	0.000408219 	0.0228 	0.00390427 	358ms 	22612832ms
30.375 	2.3 	-3.01955 	0.000478061 	0.0304 	0.00451056 	484ms 	22613316ms
30.375 	2.4 	-3.11962 	0.000416127 	0.0276889 	0.00436264 	509ms 	22613826ms
30.375 	2.5 	-3.2218 	0.000456121 	0.0317778 	0.00408702 	684ms 	22614510ms
30.375 	2.6 	-3.32563 	0.000558175 	0.0282667 	0.00465257 	1495ms 	22616006ms
30.375 	2.7 	-3.42622 	0.00037476 	0.0219111 	0.00377915 	3509ms 	22619515ms
30.375 	2.8 	-3.52593 	0.000429797 	0.0303556 	0.00430605 	7615ms 	22627131ms
30.375 	2.9 	-3.62704 	0.000400911 	0.0350222 	0.00532875 	11877ms 	22639009ms
30.375 	3 	-3.72759 	0.000478135 	0.0343111 	0.00607949 	18304ms 	22657313ms
30.375 	3.1 	-3.82928 	0.000342861 	0.0321778 	0.00502442 	24987ms 	22682300ms
30.375 	3.2 	-3.92854 	0.000442911 	0.0297333 	0.00525102 	31294ms 	22713595ms
30.375 	3.3 	-4.02983 	0.000456808 	0.0376889 	0.00555516 	38320ms 	22751916ms
30.375 	3.4 	-4.13189 	0.000420824 	0.0328 	0.0045434 	44188ms 	22796107ms
30.375 	3.5 	-4.23133 	0.000459401 	0.0243111 	0.00425394 	50363ms 	22846474ms
30.375 	3.6 	-4.33074 	0.000369083 	0.0306222 	0.0032761 	56967ms 	22903444ms
30.375 	3.7 	-4.43067 	0.000463002 	0.0276 	0.00344425 	62340ms 	22965787ms
30.375 	3.8 	-4.53089 	0.000364277 	0.0324889 	0.00440785 	68718ms 	23034505ms
30.375 	3.9 	-4.6313 	0.000511961 	0.0270667 	0.00494533 	74254ms 	23108762ms
total time: 23108765ms
