40x40x50

thermalization time: 1866ms
4 	0.1 	-0.977202 	0.000118942 	0.049625 	0.00025 	860ms 	2726ms
4 	0.2 	-0.995776 	0.000687526 	0.04335 	0.000737641 	873ms 	3600ms
4 	0.3 	-1.02516 	0.000519396 	0.036275 	0.000841997 	880ms 	4481ms
4 	0.4 	-1.05589 	0.000357653 	0.034425 	0.000972218 	894ms 	5375ms
4 	0.5 	-1.09275 	0.000582218 	0.02915 	0.00113473 	912ms 	6288ms
4 	0.6 	-1.13774 	0.000674723 	0.0133 	0.00211195 	944ms 	7233ms
4 	0.7 	-1.18936 	0.000614081 	0.00945 	0.00135896 	872ms 	8106ms
4 	0.8 	-1.24669 	0.000806248 	0.011775 	0.00137295 	845ms 	8952ms
4 	0.9 	-1.30795 	0.000672662 	0.014875 	0.00184278 	845ms 	9797ms
4 	1 	-1.37813 	0.00122678 	0.019 	0.00313083 	813ms 	10611ms
4 	1.1 	-1.44671 	0.00118543 	0.0134 	0.00206347 	833ms 	11445ms
4 	1.2 	-1.52277 	0.00100977 	0.03355 	0.00398479 	819ms 	12268ms
4 	1.3 	-1.60205 	0.000882131 	0.0145 	0.00270585 	818ms 	13086ms
4 	1.4 	-1.68155 	0.00102905 	0.025925 	0.00310601 	828ms 	13915ms
4 	1.5 	-1.77232 	0.00142791 	0.020875 	0.00277803 	783ms 	14698ms
4 	1.6 	-1.85735 	0.00151237 	0.02 	0.00246829 	837ms 	15535ms
4 	1.7 	-1.94117 	0.00185494 	0.020525 	0.00277232 	1033ms 	16569ms
4 	1.8 	-2.02764 	0.0015442 	0.019125 	0.003261 	1988ms 	18558ms
4 	1.9 	-2.1229 	0.00192621 	0.0185 	0.00269403 	7606ms 	26164ms
4 	2 	-2.20428 	0.00149619 	0.0192 	0.00278166 	20111ms 	46275ms
4 	2.1 	-2.30061 	0.00124821 	0.016375 	0.00282797 	40323ms 	86599ms
4 	2.2 	-2.38986 	0.00149896 	0.0193 	0.00294841 	70510ms 	157109ms
4 	2.3 	-2.48804 	0.00161834 	0.02255 	0.00349347 	115916ms 	273026ms
4 	2.4 	-2.58508 	0.00166214 	0.018925 	0.00241213 	160618ms 	433645ms
4 	2.5 	-2.68114 	0.00236441 	0.01925 	0.00323293 	208388ms 	642033ms
4 	2.6 	-2.77184 	0.00164402 	0.017325 	0.00266207 	256531ms 	898567ms
4 	2.7 	-2.86496 	0.00203478 	0.018175 	0.00246114 	293565ms 	1192133ms
4 	2.8 	-2.96276 	0.00175444 	0.014975 	0.00270308 	338420ms 	1530554ms
4 	2.9 	-3.05798 	0.0016926 	0.0199 	0.00299689 	395816ms 	1926370ms
4 	3 	-3.15493 	0.00216605 	0.015925 	0.00243513 	450469ms 	2376840ms
4 	3.1 	-3.25041 	0.00199641 	0.0154 	0.00191787 	509194ms 	2886034ms
4 	3.2 	-3.34991 	0.00180739 	0.019075 	0.00269479 	578414ms 	3464449ms
4 	3.3 	-3.44594 	0.00170031 	0.021275 	0.00287398 	637282ms 	4101734ms
4 	3.4 	-3.54465 	0.00182877 	0.016625 	0.00187882 	702342ms 	4804079ms
4 	3.5 	-3.63971 	0.00186048 	0.01575 	0.00283762 	771204ms 	5575283ms
4 	3.6 	-3.73672 	0.00185102 	0.015075 	0.00244159 	842296ms 	6417583ms
4 	3.7 	-3.83671 	0.00147774 	0.0191 	0.00298697 	910128ms 	7327712ms
4 	3.8 	-3.93252 	0.00183565 	0.012075 	0.00145179 	976872ms 	8304585ms
4 	3.9 	-4.03136 	0.00113719 	0.01105 	0.00172252 	1061332ms 	9365920ms

thermalization time: 527204ms
6 	0.1 	-1.01018 	0.00172022 	0.002825 	0.000500156 	795ms 	9893920ms
6 	0.2 	-1.02072 	0.00024796 	0.006425 	0.00113567 	792ms 	9894713ms
6 	0.3 	-1.04087 	0.000461675 	0.011475 	0.000976201 	819ms 	9895532ms
6 	0.4 	-1.06471 	0.000254262 	0.0131 	0.00182056 	785ms 	9896317ms
6 	0.5 	-1.09915 	0.000365393 	0.010025 	0.00123242 	803ms 	9897121ms
6 	0.6 	-1.14516 	0.000543927 	0.005375 	0.000721688 	799ms 	9897920ms
6 	0.7 	-1.19725 	0.000492669 	0.0104 	0.00137115 	831ms 	9898752ms
6 	0.8 	-1.25829 	0.000732256 	0.01035 	0.00162223 	824ms 	9899576ms
6 	0.9 	-1.31976 	0.000646068 	0.017775 	0.00258201 	823ms 	9900400ms
6 	1 	-1.3892 	0.000802767 	0.02385 	0.00283111 	806ms 	9901206ms
6 	1.1 	-1.46313 	0.000674297 	0.0176 	0.00254047 	827ms 	9902034ms
6 	1.2 	-1.53893 	0.00081897 	0.018675 	0.00267398 	764ms 	9902798ms
6 	1.3 	-1.62135 	0.000751684 	0.036375 	0.00425719 	766ms 	9903564ms
6 	1.4 	-1.70376 	0.000974579 	0.022375 	0.00286502 	779ms 	9904344ms
6 	1.5 	-1.78646 	0.00100343 	0.023925 	0.00340181 	775ms 	9905120ms
6 	1.6 	-1.87137 	0.00110672 	0.023675 	0.0037071 	730ms 	9905850ms
6 	1.7 	-1.96335 	0.00107021 	0.020925 	0.002715 	1060ms 	9906910ms
6 	1.8 	-2.04782 	0.00138288 	0.0154 	0.00209938 	1128ms 	9908039ms
6 	1.9 	-2.14185 	0.00106984 	0.0229 	0.00291969 	5000ms 	9913040ms
6 	2 	-2.22974 	0.00126573 	0.018925 	0.00254248 	19940ms 	9932983ms
6 	2.1 	-2.32514 	0.000977965 	0.020125 	0.00290675 	48330ms 	9981314ms
6 	2.2 	-2.41944 	0.00129249 	0.02115 	0.00338111 	86847ms 	10068163ms
6 	2.3 	-2.51181 	0.00145 	0.020925 	0.0031321 	137590ms 	10205756ms
6 	2.4 	-2.60626 	0.00107961 	0.01885 	0.00221961 	191399ms 	10397156ms
6 	2.5 	-2.70355 	0.00172892 	0.016425 	0.0021601 	256871ms 	10654027ms
6 	2.6 	-2.79832 	0.00113186 	0.0174 	0.00222166 	324843ms 	10978871ms
6 	2.7 	-2.89485 	0.00104584 	0.020125 	0.00263416 	402624ms 	11381495ms
6 	2.8 	-2.99285 	0.00168738 	0.017875 	0.00220558 	472861ms 	11854359ms
6 	2.9 	-3.08863 	0.00116823 	0.016825 	0.00264647 	557145ms 	12411504ms
6 	3 	-3.18622 	0.00103804 	0.0173 	0.00245313 	638122ms 	13049629ms
6 	3.1 	-3.28541 	0.000986097 	0.01725 	0.00196883 	726994ms 	13776624ms
6 	3.2 	-3.37936 	0.00104919 	0.0177 	0.00231242 	818595ms 	14595219ms
6 	3.3 	-3.48195 	0.001209 	0.018025 	0.00345086 	911295ms 	15506517ms
6 	3.4 	-3.58 	0.00118378 	0.0194 	0.00297592 	1007061ms 	16513579ms
6 	3.5 	-3.67868 	0.00130813 	0.017775 	0.00216569 	1108688ms 	17622270ms
6 	3.6 	-3.77735 	0.000865719 	0.0177 	0.00300449 	1205826ms 	18828099ms
6 	3.7 	-3.87612 	0.00110702 	0.019375 	0.00331819 	1316848ms 	20144947ms
6 	3.8 	-3.9747 	0.00130234 	0.015075 	0.00212173 	1411650ms 	21556597ms
6 	3.9 	-4.07501 	0.00159954 	0.014375 	0.00222117 	1512429ms 	23069030ms

thermalization time: 727032ms
9 	0.1 	-1.01338 	0.00116724 	0.013825 	0.000410348 	725ms 	23796789ms
9 	0.2 	-1.03986 	0.000783564 	0.0154 	0.00124942 	718ms 	23797508ms
9 	0.3 	-1.06487 	0.000443226 	0.006775 	0.000980726 	722ms 	23798230ms
9 	0.4 	-1.0924 	0.000385999 	0.0097 	0.00145153 	725ms 	23798955ms
9 	0.5 	-1.12243 	0.000381107 	0.0215 	0.00169673 	724ms 	23799680ms
9 	0.6 	-1.1606 	0.000671167 	0.020975 	0.0012443 	734ms 	23800414ms
9 	0.7 	-1.21271 	0.000447274 	0.02095 	0.00207199 	738ms 	23801152ms
9 	0.8 	-1.26972 	0.000529124 	0.014425 	0.00184381 	741ms 	23801896ms
9 	0.9 	-1.33986 	0.000610341 	0.0165 	0.00222995 	730ms 	23802627ms
9 	1 	-1.41208 	0.000546625 	0.0212 	0.00327473 	738ms 	23803365ms
9 	1.1 	-1.48749 	0.000847029 	0.014 	0.00171884 	731ms 	23804097ms
9 	1.2 	-1.56625 	0.000763966 	0.017 	0.00287975 	730ms 	23804827ms
9 	1.3 	-1.64917 	0.000785037 	0.02255 	0.00359704 	742ms 	23805569ms
9 	1.4 	-1.73525 	0.000727769 	0.02615 	0.0036026 	672ms 	23806241ms
9 	1.5 	-1.82128 	0.000812963 	0.0222 	0.00379969 	685ms 	23806927ms
9 	1.6 	-1.91017 	0.000926926 	0.0215 	0.00399544 	677ms 	23807604ms
9 	1.7 	-1.99981 	0.000483746 	0.0189 	0.00353116 	812ms 	23808416ms
9 	1.8 	-2.08931 	0.00090955 	0.020275 	0.00282245 	859ms 	23809275ms
9 	1.9 	-2.18641 	0.00102497 	0.02105 	0.00345332 	2307ms 	23811583ms
9 	2 	-2.27789 	0.000897034 	0.020025 	0.00310462 	14993ms 	23826576ms
9 	2.1 	-2.37242 	0.000778232 	0.018 	0.00253029 	48266ms 	23874842ms
9 	2.2 	-2.4662 	0.00084188 	0.018525 	0.00235127 	93178ms 	23968023ms
9 	2.3 	-2.56509 	0.000951907 	0.02335 	0.00365752 	154392ms 	24122419ms
9 	2.4 	-2.66073 	0.0011692 	0.022075 	0.00309522 	227733ms 	24350152ms
9 	2.5 	-2.75939 	0.000718554 	0.018075 	0.00267923 	316076ms 	24666228ms
9 	2.6 	-2.85453 	0.0010084 	0.014725 	0.00278717 	402255ms 	25068484ms
9 	2.7 	-2.95432 	0.000807899 	0.016275 	0.00273444 	499673ms 	25568158ms
9 	2.8 	-3.05171 	0.00099837 	0.019575 	0.00288827 	594501ms 	26162659ms
9 	2.9 	-3.15102 	0.00107363 	0.014775 	0.00206877 	702234ms 	26864894ms
9 	3 	-3.2503 	0.000757971 	0.014125 	0.00255945 	809976ms 	27674874ms
9 	3.1 	-3.35214 	0.000744408 	0.0222 	0.00320016 	928769ms 	28603645ms
9 	3.2 	-3.45092 	0.000714654 	0.018625 	0.00253029 	1072360ms 	29676041ms
9 	3.3 	-3.54943 	0.000928113 	0.01555 	0.00261987 	1160701ms 	30836743ms
9 	3.4 	-3.64838 	0.00120778 	0.016825 	0.00243267 	1271810ms 	32108556ms
9 	3.5 	-3.74919 	0.000751825 	0.020175 	0.00268083 	1416543ms 	33525099ms
9 	3.6 	-3.85136 	0.000838803 	0.0136 	0.0021131 	1550481ms 	35075583ms
9 	3.7 	-3.94847 	0.000810147 	0.017625 	0.00236236 	1681900ms 	36757485ms
9 	3.8 	-4.04878 	0.000589669 	0.01715 	0.00276159 	1852140ms 	38609627ms
9 	3.9 	-4.14961 	0.000921363 	0.0208 	0.00313094 	1940536ms 	40550166ms

thermalization time: 949149ms
13.5 	0.1 	-1.01323 	0.000987472 	0.011275 	0.00096924 	748ms 	41500064ms
13.5 	0.2 	-1.04067 	0.000711687 	0.00435 	0.000777684 	749ms 	41500814ms
13.5 	0.3 	-1.07421 	0.000516195 	0.017075 	0.0015876 	801ms 	41501616ms
13.5 	0.4 	-1.10577 	0.000341945 	0.020675 	0.00140401 	776ms 	41502395ms
13.5 	0.5 	-1.1404 	0.000407437 	0.007575 	0.00100863 	795ms 	41503190ms
13.5 	0.6 	-1.18538 	0.000268568 	0.023325 	0.00147139 	757ms 	41503947ms
13.5 	0.7 	-1.24057 	0.000294072 	0.028825 	0.00238056 	761ms 	41504709ms
13.5 	0.8 	-1.30084 	0.000342049 	0.037925 	0.00255581 	794ms 	41505503ms
13.5 	0.9 	-1.3727 	0.000456386 	0.029125 	0.0045884 	862ms 	41506366ms
13.5 	1 	-1.45062 	0.000589122 	0.010675 	0.00161975 	805ms 	41507172ms
13.5 	1.1 	-1.5329 	0.000530808 	0.014925 	0.00248126 	811ms 	41507984ms
13.5 	1.2 	-1.61772 	0.000524355 	0.01725 	0.00210746 	828ms 	41508813ms
13.5 	1.3 	-1.70515 	0.000565437 	0.020625 	0.00259381 	839ms 	41509653ms
13.5 	1.4 	-1.79509 	0.000526776 	0.017675 	0.0025952 	817ms 	41510470ms
13.5 	1.5 	-1.888 	0.000580607 	0.02715 	0.00369668 	803ms 	41511274ms
13.5 	1.6 	-1.98 	0.000596495 	0.022975 	0.00303759 	816ms 	41512091ms
13.5 	1.7 	-2.07597 	0.000608231 	0.01995 	0.0031881 	750ms 	41512842ms
13.5 	1.8 	-2.17138 	0.000509 	0.017975 	0.00254549 	1046ms 	41513888ms
13.5 	1.9 	-2.2679 	0.000629623 	0.020875 	0.00276535 	1269ms 	41515157ms
13.5 	2 	-2.3673 	0.000746192 	0.02205 	0.00273136 	5851ms 	41521008ms
13.5 	2.1 	-2.46594 	0.000374091 	0.019475 	0.00287357 	34812ms 	41555821ms
13.5 	2.2 	-2.56367 	0.000439686 	0.02515 	0.00357496 	84907ms 	41640729ms
13.5 	2.3 	-2.66534 	0.000850864 	0.01995 	0.00362678 	154682ms 	41795411ms
13.5 	2.4 	-2.76525 	0.000555549 	0.01895 	0.00265845 	237994ms 	42033406ms
13.5 	2.5 	-2.86464 	0.000491454 	0.02425 	0.00376144 	332536ms 	42365943ms
13.5 	2.6 	-2.96435 	0.000610399 	0.01875 	0.00258375 	431191ms 	42797134ms
13.5 	2.7 	-3.06621 	0.000653889 	0.012975 	0.0020936 	533828ms 	43330962ms
13.5 	2.8 	-3.16668 	0.000744859 	0.019925 	0.0029737 	642531ms 	43973494ms
13.5 	2.9 	-3.26742 	0.000587345 	0.022075 	0.00266969 	815293ms 	44788788ms
13.5 	3 	-3.36818 	0.000632819 	0.018225 	0.00220046 	880158ms 	45668946ms
13.5 	3.1 	-3.47034 	0.000384922 	0.01185 	0.00186332 	1008421ms 	46677368ms
13.5 	3.2 	-3.57079 	0.000522636 	0.02 	0.00309506 	1108296ms 	47785664ms
13.5 	3.3 	-3.67159 	0.000471693 	0.0155 	0.00265533 	1264548ms 	49050215ms
13.5 	3.4 	-3.77318 	0.000525041 	0.021875 	0.00277287 	1380045ms 	50430260ms
13.5 	3.5 	-3.87336 	0.000469552 	0.019225 	0.00350526 	1517946ms 	51948206ms
13.5 	3.6 	-3.97434 	0.000651758 	0.0215 	0.00316824 	1617063ms 	53565273ms
13.5 	3.7 	-4.07529 	0.0005695 	0.0202 	0.0032011 	1737172ms 	55302445ms
13.5 	3.8 	-4.17656 	0.000506835 	0.0232 	0.00351583 	1893776ms 	57196222ms
13.5 	3.9 	-4.27713 	0.000441954 	0.02065 	0.0029167 	1872206ms 	59068431ms

thermalization time: 975133ms
20.25 	0.1 	-1.0165 	0.00124674 	0.008975 	0.00135106 	755ms 	60044322ms
20.25 	0.2 	-1.04935 	0.00069957 	0.00425 	0.000824432 	730ms 	60045053ms
20.25 	0.3 	-1.08649 	0.000352748 	0.008575 	0.00124558 	749ms 	60045803ms
20.25 	0.4 	-1.12232 	0.000329648 	0.023825 	0.0021361 	758ms 	60046562ms
20.25 	0.5 	-1.16508 	0.000341208 	0.0103 	0.00152416 	782ms 	60047344ms
20.25 	0.6 	-1.21914 	0.000235447 	0.011325 	0.00184112 	789ms 	60048133ms
20.25 	0.7 	-1.28113 	0.000287514 	0.02945 	0.00234446 	797ms 	60048931ms
20.25 	0.8 	-1.35343 	0.000251579 	0.0457 	0.00242205 	795ms 	60049727ms
20.25 	0.9 	-1.43514 	0.000311711 	0.0295 	0.00303001 	822ms 	60050549ms
20.25 	1 	-1.52298 	0.00036269 	0.0343 	0.00374119 	852ms 	60051401ms
20.25 	1.1 	-1.61619 	0.000326597 	0.013225 	0.00179615 	846ms 	60052247ms
20.25 	1.2 	-1.71111 	0.000452588 	0.0204 	0.00265211 	866ms 	60053114ms
20.25 	1.3 	-1.80812 	0.000388427 	0.022725 	0.00362444 	849ms 	60053963ms
20.25 	1.4 	-1.90717 	0.000463605 	0.027575 	0.00411604 	833ms 	60054796ms
20.25 	1.5 	-2.00603 	0.000484097 	0.01715 	0.00303325 	793ms 	60055590ms
20.25 	1.6 	-2.10702 	0.000329337 	0.0279 	0.00414545 	756ms 	60056346ms
20.25 	1.7 	-2.21138 	0.0004278 	0.0222 	0.0035056 	785ms 	60057132ms
20.25 	1.8 	-2.31111 	0.000479451 	0.0163 	0.00254054 	744ms 	60057876ms
20.25 	1.9 	-2.41548 	0.000310153 	0.02565 	0.00348611 	1028ms 	60058904ms
20.25 	2 	-2.51752 	0.000542674 	0.023925 	0.00397052 	921ms 	60059825ms
20.25 	2.1 	-2.62022 	0.000447032 	0.0224 	0.0027383 	2258ms 	60062084ms
20.25 	2.2 	-2.72411 	0.00049746 	0.019375 	0.00269476 	16733ms 	60078817ms
20.25 	2.3 	-2.82519 	0.000383558 	0.016025 	0.0028408 	54597ms 	60133418ms
20.25 	2.4 	-2.92836 	0.000370853 	0.02675 	0.00399463 	110676ms 	60244094ms
20.25 	2.5 	-3.03169 	0.000411279 	0.023225 	0.00378778 	171368ms 	60415465ms
20.25 	2.6 	-3.13318 	0.000405091 	0.01595 	0.00273222 	244938ms 	60660404ms
20.25 	2.7 	-3.23532 	0.000379361 	0.02185 	0.00340582 	321626ms 	60982030ms
20.25 	2.8 	-3.33784 	0.000492577 	0.023025 	0.00331715 	400544ms 	61382575ms
20.25 	2.9 	-3.43977 	0.000379632 	0.0215 	0.0032562 	479349ms 	61861924ms
20.25 	3 	-3.54066 	0.000373091 	0.024375 	0.00350465 	559890ms 	62421815ms
20.25 	3.1 	-3.64189 	0.000361844 	0.02115 	0.00316653 	631412ms 	63053227ms
20.25 	3.2 	-3.74487 	0.000501758 	0.023 	0.00371091 	711180ms 	63764407ms
20.25 	3.3 	-3.84621 	0.000527613 	0.019 	0.00303945 	789272ms 	64553682ms
20.25 	3.4 	-3.94809 	0.00030418 	0.021 	0.00362123 	875577ms 	65429259ms
20.25 	3.5 	-4.04847 	0.00036674 	0.018075 	0.00271304 	933828ms 	66363090ms
20.25 	3.6 	-4.14868 	0.000398693 	0.020525 	0.00246187 	1006541ms 	67369632ms
20.25 	3.7 	-4.25034 	0.000350452 	0.01815 	0.00269391 	1070188ms 	68439823ms
20.25 	3.8 	-4.35094 	0.000408436 	0.015625 	0.00339634 	1135541ms 	69575365ms
20.25 	3.9 	-4.45063 	0.000375429 	0.022925 	0.00292767 	1204242ms 	70779608ms

thermalization time: 593901ms
30.375 	0.1 	-1.04226 	0.00233826 	0.026275 	0.000598914 	686ms 	71374198ms
30.375 	0.2 	-1.07125 	0.000652314 	0.026925 	0.000904934 	677ms 	71374875ms
30.375 	0.3 	-1.11074 	0.00022359 	0.03765 	0.00217535 	674ms 	71375550ms
30.375 	0.4 	-1.15429 	0.000188365 	0.031075 	0.00311467 	681ms 	71376231ms
30.375 	0.5 	-1.2094 	0.000156467 	0.0206 	0.00158051 	706ms 	71376938ms
30.375 	0.6 	-1.27419 	0.00014118 	0.02275 	0.00144518 	707ms 	71377645ms
30.375 	0.7 	-1.35371 	0.000235807 	0.0163 	0.00205584 	755ms 	71378400ms
30.375 	0.8 	-1.44249 	0.00044825 	0.007725 	0.00121293 	745ms 	71379146ms
30.375 	0.9 	-1.54069 	0.000512242 	0.01455 	0.00210917 	740ms 	71379886ms
30.375 	1 	-1.64493 	0.000509654 	0.026525 	0.00493157 	794ms 	71380681ms
30.375 	1.1 	-1.75261 	0.000452037 	0.041825 	0.00376454 	785ms 	71381467ms
30.375 	1.2 	-1.85903 	0.000330871 	0.015275 	0.0022358 	800ms 	71382275ms
30.375 	1.3 	-1.9674 	0.000353436 	0.020975 	0.00325962 	819ms 	71383094ms
30.375 	1.4 	-2.07499 	0.000385987 	0.0288 	0.00374634 	783ms 	71383877ms
30.375 	1.5 	-2.18241 	0.000272156 	0.02235 	0.00313608 	887ms 	71384765ms
30.375 	1.6 	-2.28841 	0.000377466 	0.0153 	0.00232964 	794ms 	71385560ms
30.375 	1.7 	-2.39568 	0.000322569 	0.015725 	0.00260175 	839ms 	71386400ms
30.375 	1.8 	-2.50048 	0.000369709 	0.025375 	0.00383701 	816ms 	71387217ms
30.375 	1.9 	-2.60503 	0.000425097 	0.022375 	0.00385039 	757ms 	71387975ms
30.375 	2 	-2.7089 	0.000427323 	0.02475 	0.00399071 	759ms 	71388734ms
30.375 	2.1 	-2.81287 	0.000366906 	0.020375 	0.00322587 	725ms 	71389459ms
30.375 	2.2 	-2.91634 	0.000293545 	0.023375 	0.00401073 	738ms 	71390198ms
30.375 	2.3 	-3.01911 	0.000279441 	0.025875 	0.00340286 	902ms 	71391101ms
30.375 	2.4 	-3.12119 	0.000316294 	0.0311 	0.00482132 	880ms 	71391982ms
30.375 	2.5 	-3.2231 	0.000386971 	0.018825 	0.00307826 	1098ms 	71393080ms
30.375 	2.6 	-3.32505 	0.000388549 	0.025525 	0.00295356 	2776ms 	71395857ms
30.375 	2.7 	-3.42518 	0.000242772 	0.02245 	0.00309988 	8967ms 	71404825ms
30.375 	2.8 	-3.52634 	0.000358899 	0.02515 	0.00309302 	19269ms 	71424095ms
30.375 	2.9 	-3.62731 	0.000290322 	0.02205 	0.00354372 	36811ms 	71460909ms
30.375 	3 	-3.72732 	0.000276006 	0.030525 	0.00418574 	56022ms 	71516934ms
30.375 	3.1 	-3.83009 	0.00038184 	0.0266 	0.00379814 	75061ms 	71591996ms
30.375 	3.2 	-3.93031 	0.000270907 	0.028925 	0.00339011 	93019ms 	71685018ms
30.375 	3.3 	-4.02952 	0.000274073 	0.0236 	0.00331688 	119068ms 	71804089ms
30.375 	3.4 	-4.12941 	0.000290002 	0.021175 	0.00281072 	138715ms 	71942807ms
30.375 	3.5 	-4.22982 	0.000345757 	0.016725 	0.00271672 	159361ms 	72102171ms
30.375 	3.6 	-4.33036 	0.000468857 	0.02505 	0.00370404 	178400ms 	72280573ms
30.375 	3.7 	-4.43026 	0.000289579 	0.01945 	0.00322291 	196210ms 	72476784ms
30.375 	3.8 	-4.53119 	0.000307241 	0.022875 	0.00407019 	213130ms 	72689918ms
30.375 	3.9 	-4.6312 	0.000293538 	0.018 	0.00206029 	225847ms 	72915765ms
total time: 72915765ms
