50x50x50

thermalization time: 3631ms
4 	0.1 	-0.979403 	0.000147567 	0.013648 	0.000328487 	1452ms 	5083ms
4 	0.2 	-0.999683 	0.000628418 	0.014352 	0.00058347 	1522ms 	6606ms
4 	0.3 	-1.02672 	0.000401391 	0.004224 	0.000577387 	1563ms 	8170ms
4 	0.4 	-1.05705 	0.000420895 	0.005392 	0.000569968 	1538ms 	9709ms
4 	0.5 	-1.09536 	0.000412036 	0.005008 	0.000657721 	1506ms 	11216ms
4 	0.6 	-1.13878 	0.000563868 	0.009888 	0.00130446 	1543ms 	12759ms
4 	0.7 	-1.19082 	0.000724099 	0.011296 	0.00185088 	1534ms 	14294ms
4 	0.8 	-1.24764 	0.000637086 	0.028592 	0.00236847 	1524ms 	15819ms
4 	0.9 	-1.30937 	0.000771176 	0.03632 	0.00261656 	1529ms 	17348ms
4 	1 	-1.37417 	0.000652661 	0.038208 	0.00327912 	1506ms 	18855ms
4 	1.1 	-1.44522 	0.00104183 	0.037568 	0.00200532 	1463ms 	20318ms
4 	1.2 	-1.52283 	0.000830336 	0.024768 	0.00355039 	1536ms 	21854ms
4 	1.3 	-1.60257 	0.0010058 	0.031024 	0.0035624 	1482ms 	23337ms
4 	1.4 	-1.6863 	0.000976352 	0.029232 	0.00343309 	1470ms 	24808ms
4 	1.5 	-1.76902 	0.000977963 	0.019488 	0.00299711 	1234ms 	26042ms
4 	1.6 	-1.85761 	0.00135815 	0.013344 	0.00157054 	1209ms 	27252ms
4 	1.7 	-1.94329 	0.00108303 	0.01536 	0.00256718 	1584ms 	28836ms
4 	1.8 	-2.03049 	0.000777004 	0.014128 	0.00192509 	4403ms 	33239ms
4 	1.9 	-2.12085 	0.00129351 	0.013808 	0.00238407 	16789ms 	50029ms
4 	2 	-2.21572 	0.00130662 	0.016224 	0.00264294 	51210ms 	101240ms
4 	2.1 	-2.30317 	0.00121947 	0.018848 	0.00293651 	106030ms 	207271ms
4 	2.2 	-2.39063 	0.00147071 	0.014624 	0.00241154 	188251ms 	395522ms
4 	2.3 	-2.48762 	0.00140151 	0.017024 	0.00267812 	284798ms 	680321ms
4 	2.4 	-2.58352 	0.00119299 	0.014464 	0.00201232 	378800ms 	1059121ms
4 	2.5 	-2.67162 	0.00100469 	0.018512 	0.00253703 	453527ms 	1512652ms
4 	2.6 	-2.77191 	0.000995723 	0.01416 	0.00167045 	579248ms 	2091901ms
4 	2.7 	-2.86602 	0.0011314 	0.0124 	0.00189652 	698403ms 	2790305ms
4 	2.8 	-2.95893 	0.0014242 	0.0128 	0.00188283 	829540ms 	3619845ms
4 	2.9 	-3.06062 	0.00177839 	0.013568 	0.00217708 	972094ms 	4591940ms
4 	3 	-3.15543 	0.00138136 	0.0144 	0.0022 	1116694ms 	5708634ms
4 	3.1 	-3.25203 	0.00181932 	0.012608 	0.00164683 	1262951ms 	6971589ms
4 	3.2 	-3.35125 	0.00113252 	0.013488 	0.00235859 	1428382ms 	8399972ms
4 	3.3 	-3.4423 	0.00161705 	0.011408 	0.0018749 	1641438ms 	10041411ms
4 	3.4 	-3.54093 	0.000988976 	0.013632 	0.00190843 	1738572ms 	11779983ms
4 	3.5 	-3.63757 	0.00164256 	0.016896 	0.00241896 	1912898ms 	13692882ms
4 	3.6 	-3.73851 	0.00154428 	0.010304 	0.00208273 	2081345ms 	15774231ms
4 	3.7 	-3.83589 	0.0015663 	0.015232 	0.00261554 	2253105ms 	18027336ms
4 	3.8 	-3.93407 	0.00160352 	0.013952 	0.0018915 	2440372ms 	20467709ms
4 	3.9 	-4.02852 	0.00121752 	0.012224 	0.002052 	2608629ms 	23076341ms

thermalization time: 1233623ms
6 	0.1 	-1.01036 	0.00159391 	0.013824 	0.00118908 	1545ms 	24311515ms
6 	0.2 	-1.02146 	0.000304373 	0.018752 	0.000840102 	1527ms 	24313043ms
6 	0.3 	-1.03964 	0.000287945 	0.022304 	0.00133512 	1630ms 	24314673ms
6 	0.4 	-1.0651 	0.000255831 	0.025728 	0.00081999 	1525ms 	24316198ms
6 	0.5 	-1.10045 	0.000400481 	0.01712 	0.00104766 	1548ms 	24317747ms
6 	0.6 	-1.14788 	0.000429227 	0.012 	0.00112712 	1552ms 	24319300ms
6 	0.7 	-1.19989 	0.00067869 	0.006368 	0.000920846 	1562ms 	24320862ms
6 	0.8 	-1.25693 	0.000532788 	0.009504 	0.0013091 	1612ms 	24322475ms
6 	0.9 	-1.32146 	0.000701545 	0.011328 	0.00220868 	1668ms 	24324144ms
6 	1 	-1.39051 	0.000849153 	0.020464 	0.00321444 	1632ms 	24325777ms
6 	1.1 	-1.46467 	0.000782408 	0.02632 	0.00280447 	1613ms 	24327391ms
6 	1.2 	-1.54022 	0.000660091 	0.016016 	0.00203627 	1663ms 	24329055ms
6 	1.3 	-1.6205 	0.000659892 	0.018992 	0.00262837 	1629ms 	24330685ms
6 	1.4 	-1.70366 	0.000933405 	0.019264 	0.00251827 	1577ms 	24332263ms
6 	1.5 	-1.78836 	0.000759996 	0.013504 	0.00224348 	1474ms 	24333737ms
6 	1.6 	-1.8731 	0.00072858 	0.021584 	0.00251973 	1409ms 	24335147ms
6 	1.7 	-1.96072 	0.000746317 	0.015424 	0.00258437 	1862ms 	24337009ms
6 	1.8 	-2.05039 	0.000894892 	0.014096 	0.00256294 	2272ms 	24339284ms
6 	1.9 	-2.14363 	0.000987846 	0.01392 	0.00250173 	10965ms 	24350249ms
6 	2 	-2.2336 	0.000864305 	0.01992 	0.00247914 	48289ms 	24398539ms
6 	2.1 	-2.32699 	0.00124594 	0.015648 	0.00322228 	115469ms 	24514011ms
6 	2.2 	-2.4195 	0.000855475 	0.014928 	0.00256393 	212294ms 	24726306ms
6 	2.3 	-2.5098 	0.00106737 	0.012048 	0.00162223 	334245ms 	25060552ms
6 	2.4 	-2.60666 	0.0012506 	0.010288 	0.00142894 	478538ms 	25539093ms
6 	2.5 	-2.701 	0.00103093 	0.013008 	0.00161082 	626564ms 	26165657ms
6 	2.6 	-2.8014 	0.000875698 	0.013632 	0.00210205 	801205ms 	26966862ms
6 	2.7 	-2.89698 	0.00113732 	0.012784 	0.00204333 	987006ms 	27953871ms
6 	2.8 	-2.99085 	0.0009058 	0.016432 	0.00225352 	1189755ms 	29143626ms
6 	2.9 	-3.08964 	0.00086539 	0.010928 	0.0014631 	1396976ms 	30540606ms
6 	3 	-3.18632 	0.00100669 	0.011072 	0.00174046 	1575689ms 	32116296ms
6 	3.1 	-3.28348 	0.00136137 	0.015392 	0.00207334 	1823024ms 	33939320ms
